0,0,0
0,0,0
84,530,0
0,0,0
84,490,0
301,470,0
4,510,0
0,0,0
0,0,0
0,0,0
0,0,0
0,0,0
27,510,0
106,550,0
63,550,0
69,510,0
0,0,0
0,0,0
0,0,0
36,530,0
92,530,0
0,0,0
126,550,0
138,450,0
0,0,0
115,510,0
0,0,0
0,0,0
0,0,0
0,0,0
0,0,0
0,0,0
0,0,0
10,530,0
139,490,0
0,0,0
189,450,0
0,0,0
0,0,0
0,0,0
173,550,0
0,0,0
0,0,0
0,0,0
161,470,0
0,0,0
172,550,0
0,0,0
0,0,0
377,510,0
369,530,0
0,0,0
391,450,0
0,0,0
399,490,0
0,0,0
0,0,0
0,0,0
0,0,0
0,0,0
0,0,0
0,0,0
31,490,0
0,0,0
0,0,0
372,470,0
0,0,0
0,0,0
338,450,0
395,450,0
0,0,0
197,470,0
0,0,0
0,0,0
0,0,0
0,0,0
177,510,0
359,510,0
0,0,0
0,0,0
0,0,0
0,0,0
0,0,0
0,0,0
0,0,0
0,0,0
0,0,0
275,550,0
0,0,0
0,0,0
0,0,0
0,0,0
39,470,0
0,0,0
0,0,0
0,0,0
0,0,0
254,450,0
0,0,0
0,0,0
0,0,0
0,0,0
331,450,0
0,0,0
0,0,0
222,510,0
0,0,0
0,0,0
66,510,0
0,0,0
0,0,0
186,490,0
0,0,0
0,0,0
0,0,0
0,0,0
0,0,0
101,510,0
36,510,0
0,0,0
144,550,0
0,0,0
0,0,0
0,0,0
0,0,0
0,0,0
193,450,0
0,0,0
307,530,0
0,0,0
0,0,0
85,490,0
230,510,0
0,0,0
0,0,0
0,0,0
0,0,0
182,550,0
185,530,0
0,0,0
0,0,0
231,470,0
0,0,0
0,0,0
0,0,0
0,0,0
0,0,0
371,530,0
0,0,0
0,0,0
0,0,0
25,470,0
0,0,0
0,0,0
0,0,0
144,490,0
0,0,0
279,490,0
0,0,0
0,0,0
0,0,0
232,510,0
98,550,0
0,0,0
0,0,0
0,0,0
0,0,0
0,0,0
0,0,0
0,0,0
0,0,0
0,0,0
0,0,0
0,0,0
0,0,0
0,0,0
0,0,0
0,0,0
0,0,0
0,0,0
297,530,0
0,0,0
0,0,0
176,510,0
0,0,0
0,0,0
216,470,0
0,0,0
0,0,0
0,0,0
0,0,0
145,450,0
0,0,0
0,0,0
0,0,0
0,0,0
47,470,0
0,0,0
0,0,0
0,0,0
0,0,0
0,0,0
0,0,0
109,510,0
0,0,0
0,0,0
0,0,0
0,0,0
0,0,0
0,0,0
0,0,0
164,510,0
0,0,0
0,0,0
0,0,0
0,0,0
317,450,0
204,510,0
0,0,0
82,490,0
0,0,0
44,510,0
0,0,0
99,490,0
0,0,0
0,0,0
0,0,0
0,0,0
0,0,0
312,550,0
0,0,0
0,0,0
243,550,0
127,530,0
155,530,0
0,0,0
0,0,0
0,0,0
0,0,0
0,0,0
399,470,0
37,550,0
25,450,0
0,0,0
0,0,0
0,0,0
0,0,0
163,550,0
0,0,0
83,470,0
116,510,0
324,490,0
0,0,0
0,0,0
0,0,0
0,0,0
375,510,0
206,530,0
0,0,0
0,0,0
0,0,0
0,0,0
391,550,0
6,510,0
0,0,0
0,0,0
70,550,0
328,450,0
0,0,0
0,0,0
85,510,0
3,470,0
0,0,0
0,0,0
0,0,0
0,0,0
0,0,0
0,0,0
0,0,0
5,490,0
0,0,0
0,0,0
0,0,0
20,450,0
0,0,0
0,0,0
262,450,0
0,0,0
0,0,0
0,0,0
286,550,0
0,0,0
0,0,0
0,0,0
317,490,0
14,530,0
187,550,0
0,0,0
0,0,0
0,0,0
80,470,0
0,0,0
0,0,0
0,0,0
0,0,0
0,0,0
56,510,0
0,0,0
0,0,0
0,0,0
372,450,0
0,0,0
0,0,0
360,490,0
0,0,0
0,0,0
64,470,0
0,0,0
43,450,0
0,0,0
0,0,0
0,0,0
0,0,0
0,0,0
0,0,0
0,0,0
0,0,0
357,490,0
0,0,0
214,550,0
0,0,0
0,0,0
0,0,0
0,0,0
356,550,0
0,0,0
0,0,0
72,490,0
187,490,0
0,0,0
0,0,0
0,0,0
0,0,0
0,0,0
184,510,0
346,510,0
0,0,0
0,0,0
206,470,0
0,0,0
34,490,0
0,0,0
279,510,0
0,0,0
97,530,0
0,0,0
354,550,0
0,0,0
0,0,0
0,0,0
0,0,0
0,0,0
0,0,0
0,0,0
0,0,0
0,0,0
175,530,0
0,0,0
207,450,0
0,0,0
373,510,0
0,0,0
0,0,0
0,0,0
0,0,0
0,0,0
0,0,0
0,0,0
0,0,0
0,0,0
0,0,0
74,530,0
0,0,0
0,0,0
0,0,0
0,0,0
243,510,0
356,450,0
0,0,0
0,0,0
0,0,0
0,0,0
274,510,0
0,0,0
0,0,0
0,0,0
0,0,0
0,0,0
0,0,0
0,0,0
0,0,0
0,0,0
374,530,0
0,0,0
0,0,0
0,0,0
0,0,0
297,450,0
0,0,0
0,0,0
0,0,0
0,0,0
287,530,0
0,0,0
0,0,0
0,0,0
0,0,0
0,0,0
0,0,0
225,530,0
128,470,0
0,0,0
0,0,0
0,0,0
133,490,0
0,0,0
0,0,0
0,0,0
0,0,0
186,450,0
0,0,0
62,510,0
0,0,0
0,0,0
0,0,0
0,0,0
0,0,0
0,0,0
123,550,0
0,0,0
2,470,0
13,490,0
167,510,0
0,0,0
0,0,0
334,470,0
344,530,0
0,0,0
165,490,0
0,0,0
0,0,0
0,0,0
315,490,0
0,0,0
0,0,0
0,0,0
0,0,0
319,490,0
0,0,0
0,0,0
241,530,0
0,0,0
0,0,0
0,0,0
0,0,0
0,0,0
0,0,0
0,0,0
191,510,0
0,0,0
0,0,0
238,510,0
0,0,0
0,0,0
259,470,0
0,0,0
0,0,0
0,0,0
0,0,0
0,0,0
218,550,0
343,470,0
0,0,0
0,0,0
0,0,0
0,0,0
0,0,0
0,0,0
299,510,0
0,0,0
0,0,0
0,0,0
510,550,1
0,0,0
0,0,0
0,0,0
0,0,0
0,0,0
0,0,0
0,0,0
0,0,0
0,0,0
0,0,0
0,0,0
398,470,0
0,0,0
0,0,0
1,530,0
0,0,0
195,530,0
152,550,0
0,0,0
0,0,0
161,530,0
0,0,0
385,550,0
0,0,0
0,0,0
0,0,0
0,0,0
0,0,0
0,0,0
0,0,0
0,0,0
164,490,0
146,450,0
8,490,0
0,0,0
399,510,0
0,0,0
0,0,0
0,0,0
33,470,0
0,0,0
149,530,0
0,0,0
140,530,0
0,0,0
0,0,0
0,0,0
0,0,0
0,0,0
0,0,0
379,470,0
0,0,0
0,0,0
324,450,0
0,0,0
0,0,0
0,0,0
125,530,0
0,0,0
286,470,0
0,0,0
0,0,0
0,0,0
0,0,0
0,0,0
0,0,0
0,0,0
168,550,0
0,0,0
0,0,0
0,0,0
218,490,0
285,550,0
136,510,0
0,0,0
0,0,0
0,0,0
303,490,0
0,0,0
0,0,0
0,0,0
0,0,0
0,0,0
0,0,0
0,0,0
0,0,0
263,450,0
339,450,0
0,0,0
0,0,0
291,450,0
130,550,0
215,470,0
0,0,0
0,0,0
46,450,0
0,0,0
0,0,0
0,0,0
346,550,0
188,470,0
0,0,0
303,470,0
0,0,0
0,0,0
0,0,0
0,0,0
0,0,0
0,0,0
0,0,0
0,0,0
103,550,0
0,0,0
0,0,0
0,0,0
33,530,0
0,0,0
207,550,0
0,0,0
0,0,0
0,0,0
0,0,0
0,0,0
127,490,0
0,0,0
0,0,0
0,0,0
0,0,0
291,530,0
51,450,0
0,0,0
230,490,0
311,490,0
0,0,0
0,0,0
54,450,0
0,0,0
65,490,0
0,0,0
0,0,0
0,0,0
3,450,0
0,0,0
0,0,0
89,490,0
0,0,0
0,0,0
0,0,0
0,0,0
0,0,0
0,0,0
0,0,0
0,0,0
0,0,0
135,490,0
386,530,0
235,490,0
32,470,0
0,0,0
83,450,0
0,0,0
0,0,0
0,0,0
0,0,0
0,0,0
0,0,0
0,0,0
181,550,0
0,0,0
0,0,0
0,0,0
0,0,0
170,470,0
149,450,0
0,0,0
0,0,0
263,470,0
0,0,0
108,550,0
0,0,0
345,550,0
0,0,0
90,490,0
0,0,0
140,550,0
0,0,0
0,0,0
165,550,0
336,550,0
0,0,0
0,0,0
0,0,0
0,0,0
0,0,0
0,0,0
0,0,0
0,0,0
317,470,0
82,550,0
0,0,0
0,0,0
0,0,0
0,0,0
0,0,0
0,0,0
48,450,0
108,510,0
370,530,0
0,0,0
0,0,0
0,0,0
0,0,0
0,0,0
257,550,0
0,0,0
0,0,0
0,0,0
0,0,0
0,0,0
0,0,0
0,0,0
366,530,0
0,0,0
0,0,0
0,0,0
351,490,0
323,450,0
0,0,0
0,0,0
0,0,0
0,0,0
0,0,0
245,550,0
0,0,0
0,0,0
0,0,0
53,450,0
0,0,0
112,510,0
0,0,0
223,470,0
61,490,0
94,450,0
0,0,0
0,0,0
0,0,0
113,550,0
0,0,0
0,0,0
0,0,0
0,0,0
0,0,0
178,450,0
0,0,0
0,0,0
0,0,0
0,0,0
0,0,0
0,0,0
0,0,0
0,0,0
66,450,0
0,0,0
0,0,0
0,0,0
0,0,0
0,0,0
7,450,0
216,490,0
19,510,0
0,0,0
0,0,0
0,0,0
0,0,0
0,0,0
0,0,0
363,450,0
0,0,0
0,0,0
0,0,0
131,470,0
0,0,0
0,0,0
357,550,0
0,0,0
0,0,0
0,0,0
0,0,0
264,510,0
0,0,0
255,530,0
0,0,0
0,0,0
169,490,0
0,0,0
0,0,0
0,0,0
29,490,0
0,0,0
0,0,0
195,490,0
0,0,0
76,450,0
283,470,0
257,510,0
0,0,0
0,0,0
0,0,0
338,470,0
173,490,0
0,0,0
0,0,0
370,550,0
0,0,0
9,490,0
264,530,0
0,0,0
232,470,0
0,0,0
0,0,0
125,450,0
276,450,0
154,490,0
0,0,0
0,0,0
0,0,0
0,0,0
0,0,0
0,0,0
341,550,0
0,0,0
27,490,0
101,490,0
0,0,0
0,0,0
0,0,0
378,530,0
0,0,0
0,0,0
118,510,0
0,0,0
114,450,0
0,0,0
490,530,1
0,0,0
0,0,0
0,0,0
0,0,0
0,0,0
0,0,0
0,0,0
334,550,0
40,470,0
123,530,0
0,0,0
0,0,0
131,530,0
0,0,0
0,0,0
0,0,0
171,450,0
0,0,0
0,0,0
0,0,0
96,530,0
0,0,0
153,470,0
0,0,0
0,0,0
0,0,0
0,0,0
264,450,0
0,0,0
550,510,1
0,0,0
0,0,0
325,530,0
0,0,0
343,550,0
0,0,0
0,0,0
0,0,0
216,550,0
0,0,0
122,450,0
0,0,0
0,0,0
375,490,0
0,0,0
0,0,0
0,0,0
0,0,0
0,0,0
0,0,0
178,550,0
0,0,0
0,0,0
104,490,0
283,550,0
0,0,0
0,0,0
0,0,0
0,0,0
148,510,0
0,0,0
275,450,0
0,0,0
0,0,0
0,0,0
0,0,0
0,0,0
0,0,0
300,530,0
6,550,0
0,0,0
0,0,0
0,0,0
0,0,0
65,470,0
0,0,0
0,0,0
362,450,0
0,0,0
0,0,0
347,530,0
348,490,0
0,0,0
0,0,0
0,0,0
0,0,0
0,0,0
0,0,0
137,450,0
129,530,0
0,0,0
0,0,0
94,510,0
12,510,0
211,470,0
0,0,0
208,490,0
322,470,0
268,530,0
0,0,0
0,0,0
0,0,0
0,0,0
0,0,0
0,0,0
72,530,0
0,0,0
0,0,0
0,0,0
354,510,0
0,0,0
0,0,0
0,0,0
0,0,0
0,0,0
0,0,0
0,0,0
0,0,0
62,550,0
0,0,0
0,0,0
0,0,0
0,0,0
0,0,0
0,0,0
0,0,0
142,490,0
0,0,0
0,0,0
0,0,0
52,490,0
0,0,0
0,0,0
0,0,0
0,0,0
0,0,0
395,470,0
0,0,0
0,0,0
0,0,0
251,510,0
303,510,0
0,0,0
10,510,0
0,0,0
0,0,0
0,0,0
0,0,0
0,0,0
0,0,0
0,0,0
0,0,0
0,0,0
227,550,0
0,0,0
191,450,0
0,0,0
0,0,0
281,450,0
0,0,0
272,550,0
0,0,0
0,0,0
0,0,0
133,450,0
0,0,0
0,0,0
0,0,0
218,510,0
0,0,0
0,0,0
367,450,0
0,0,0
0,0,0
0,0,0
0,0,0
0,0,0
0,0,0
73,490,0
0,0,0
0,0,0
0,0,0
0,0,0
0,0,0
0,0,0
336,470,0
0,0,0
0,0,0
119,490,0
75,450,0
0,0,0
490,510,1
231,490,0
206,450,0
0,0,0
0,0,0
0,0,0
0,0,0
80,490,0
0,0,0
0,0,0
0,0,0
46,510,0
0,0,0
0,0,0
0,0,0
0,0,0
0,0,0
0,0,0
0,0,0
0,0,0
0,0,0
0,0,0
0,0,0
160,530,0
0,0,0
0,0,0
0,0,0
0,0,0
0,0,0
0,0,0
340,450,0
78,490,0
0,0,0
165,510,0
0,0,0
0,0,0
289,530,0
0,0,0
215,550,0
0,0,0
0,0,0
0,0,0
0,0,0
0,0,0
0,0,0
0,0,0
0,0,0
87,550,0
0,0,0
0,0,0
0,0,0
0,0,0
225,550,0
348,550,0
0,0,0
0,0,0
310,450,0
210,510,0
246,530,0
0,0,0
0,0,0
0,0,0
0,0,0
0,0,0
0,0,0
0,0,0
0,0,0
0,0,0
0,0,0
0,0,0
0,0,0
0,0,0
0,0,0
0,0,0
299,550,0
0,0,0
0,0,0
0,0,0
0,0,0
0,0,0
341,510,0
0,0,0
0,0,0
139,470,0
20,510,0
0,0,0
179,530,0
360,550,0
325,550,0
164,450,0
0,0,0
0,0,0
0,0,0
18,510,0
0,0,0
0,0,0
0,0,0
344,490,0
0,0,0
0,0,0
300,510,0
0,0,0
0,0,0
0,0,0
0,0,0
0,0,0
312,510,0
0,0,0
0,0,0
0,0,0
0,0,0
0,0,0
0,0,0
0,0,0
0,0,0
0,0,0
0,0,0
111,530,0
0,0,0
0,0,0
0,0,0
0,0,0
0,0,0
0,0,0
0,0,0
0,0,0
0,0,0
0,0,0
0,0,0
0,0,0
0,0,0
0,0,0
132,530,0
0,0,0
0,0,0
118,530,0
0,0,0
327,530,0
0,0,0
0,0,0
0,0,0
0,0,0
0,0,0
0,0,0
0,0,0
0,0,0
0,0,0
0,0,0
0,0,0
0,0,0
0,0,0
0,0,0
196,510,0
0,0,0
0,0,0
0,0,0
0,0,0
0,0,0
0,0,0
235,510,0
0,0,0
0,0,0
0,0,0
18,450,0
0,0,0
0,0,0
228,450,0
0,0,0
66,470,0
0,0,0
270,510,0
0,0,0
0,0,0
0,0,0
0,0,0
0,0,0
124,450,0
0,0,0
0,0,0
144,470,0
0,0,0
0,0,0
0,0,0
0,0,0
0,0,0
0,0,0
0,0,0
157,550,0
47,450,0
0,0,0
22,550,0
0,0,0
0,0,0
63,470,0
0,0,0
0,0,0
0,0,0
0,0,0
0,0,0
44,450,0
0,0,0
0,0,0
367,530,0
0,0,0
0,0,0
0,0,0
0,0,0
0,0,0
0,0,0
43,490,0
0,0,0
0,0,0
0,0,0
112,530,0
0,0,0
0,0,0
0,0,0
0,0,0
0,0,0
359,450,0
362,550,0
0,0,0
0,0,0
0,0,0
0,0,0
0,0,0
0,0,0
0,0,0
0,0,0
89,510,0
0,0,0
0,0,0
0,0,0
367,490,0
0,0,0
0,0,0
0,0,0
68,490,0
0,0,0
0,0,0
0,0,0
0,0,0
0,0,0
301,450,0
156,490,0
0,0,0
5,530,0
88,510,0
106,470,0
0,0,0
0,0,0
0,0,0
0,0,0
0,0,0
284,550,0
0,0,0
0,0,0
339,490,0
333,470,0
0,0,0
0,0,0
0,0,0
0,0,0
0,0,0
397,490,0
386,490,0
182,470,0
0,0,0
0,0,0
115,490,0
0,0,0
0,0,0
236,490,0
0,0,0
0,0,0
396,470,0
0,0,0
328,470,0
268,450,0
0,0,0
0,0,0
0,0,0
0,0,0
0,0,0
0,0,0
0,0,0
0,0,0
0,0,0
0,0,0
282,470,0
0,0,0
0,0,0
0,0,0
273,530,0
0,0,0
0,0,0
0,0,0
0,0,0
0,0,0
0,0,0
0,0,0
0,0,0
182,490,0
386,450,0
0,0,0
0,0,0
0,0,0
0,0,0
0,0,0
0,0,0
338,510,0
0,0,0
0,0,0
63,490,0
0,0,0
0,0,0
0,0,0
0,0,0
353,490,0
0,0,0
239,530,0
0,0,0
0,0,0
0,0,0
0,0,0
53,550,0
351,550,0
0,0,0
0,0,0
0,0,0
95,490,0
162,550,0
0,0,0
257,530,0
0,0,0
0,0,0
275,490,0
0,0,0
0,0,0
0,0,0
0,0,0
79,450,0
45,510,0
0,0,0
0,0,0
0,0,0
0,0,0
0,0,0
91,550,0
0,0,0
366,490,0
0,0,0
0,0,0
0,0,0
0,0,0
304,510,0
0,0,0
0,0,0
0,0,0
0,0,0
0,0,0
265,450,0
308,530,0
215,530,0
0,0,0
0,0,0
0,0,0
0,0,0
0,0,0
0,0,0
0,0,0
0,0,0
353,470,0
0,0,0
0,0,0
137,470,0
148,450,0
0,0,0
0,0,0
152,510,0
150,470,0
0,0,0
368,550,0
0,0,0
0,0,0
0,0,0
0,0,0
0,0,0
0,0,0
343,510,0
342,550,0
0,0,0
202,470,0
0,0,0
0,0,0
0,0,0
381,450,0
227,510,0
211,490,0
0,0,0
0,0,0
0,0,0
0,0,0
0,0,0
0,0,0
470,550,1
0,0,0
0,0,0
213,510,0
376,470,0
0,0,0
0,0,0
68,470,0
0,0,0
0,0,0
0,0,0
76,510,0
333,550,0
0,0,0
65,550,0
0,0,0
0,0,0
0,0,0
0,0,0
0,0,0
0,0,0
37,490,0
0,0,0
0,0,0
18,490,0
261,530,0
0,0,0
0,0,0
9,510,0
0,0,0
0,0,0
0,0,0
0,0,0
0,0,0
27,470,0
218,450,0
0,0,0
249,550,0
80,550,0
6,450,0
0,0,0
0,0,0
0,0,0
0,0,0
0,0,0
0,0,0
0,0,0
220,530,0
0,0,0
0,0,0
0,0,0
0,0,0
0,0,0
0,0,0
0,0,0
0,0,0
267,470,0
0,0,0
97,550,0
244,470,0
0,0,0
0,0,0
87,510,0
0,0,0
0,0,0
75,550,0
355,550,0
0,0,0
0,0,0
0,0,0
0,0,0
0,0,0
11,490,0
0,0,0
0,0,0
0,0,0
0,0,0
154,530,0
0,0,0
372,530,0
0,0,0
60,530,0
0,0,0
0,0,0
450,510,1
0,0,0
0,0,0
0,0,0
0,0,0
0,0,0
0,0,0
0,0,0
0,0,0
134,490,0
0,0,0
0,0,0
0,0,0
0,0,0
60,550,0
0,0,0
0,0,0
0,0,0
0,0,0
0,0,0
329,470,0
0,0,0
59,470,0
0,0,0
354,470,0
0,0,0
0,0,0
0,0,0
0,0,0
43,470,0
389,530,0
0,0,0
361,530,0
0,0,0
0,0,0
0,0,0
67,530,0
0,0,0
82,510,0
0,0,0
69,490,0
0,0,0
0,0,0
162,470,0
0,0,0
0,0,0
0,0,0
0,0,0
76,530,0
450,530,1
0,0,0
0,0,0
0,0,0
0,0,0
0,0,0
0,0,0
294,470,0
0,0,0
0,0,0
0,0,0
0,0,0
0,0,0
255,510,0
0,0,0
0,0,0
0,0,0
0,0,0
81,450,0
261,450,0
0,0,0
11,470,0
88,490,0
0,0,0
0,0,0
0,0,0
52,450,0
192,530,0
0,0,0
331,550,0
162,450,0
0,0,0
186,510,0
0,0,0
0,0,0
107,530,0
0,0,0
0,0,0
0,0,0
0,0,0
247,510,0
169,450,0
510,530,1
0,0,0
0,0,0
202,450,0
332,510,0
0,0,0
23,450,0
0,0,0
0,0,0
8,530,0
0,0,0
130,470,0
0,0,0
277,470,0
0,0,0
362,490,0
372,510,0
159,450,0
206,490,0
0,0,0
230,450,0
0,0,0
0,0,0
220,470,0
277,490,0
0,0,0
0,0,0
0,0,0
185,450,0
0,0,0
0,0,0
0,0,0
0,0,0
0,0,0
344,470,0
0,0,0
0,0,0
0,0,0
274,550,0
0,0,0
0,0,0
360,470,0
346,450,0
0,0,0
0,0,0
25,530,0
0,0,0
0,0,0
302,490,0
0,0,0
0,0,0
0,0,0
0,0,0
112,470,0
0,0,0
0,0,0
0,0,0
0,0,0
100,490,0
177,550,0
0,0,0
0,0,0
0,0,0
0,0,0
0,0,0
0,0,0
0,0,0
0,0,0
0,0,0
0,0,0
0,0,0
0,0,0
0,0,0
0,0,0
279,530,0
0,0,0
52,530,0
0,0,0
0,0,0
49,510,0
0,0,0
0,0,0
0,0,0
0,0,0
0,0,0
0,0,0
20,550,0
0,0,0
0,0,0
201,470,0
140,470,0
0,0,0
289,510,0
0,0,0
0,0,0
137,550,0
0,0,0
0,0,0
0,0,0
0,0,0
0,0,0
0,0,0
0,0,0
0,0,0
0,0,0
0,0,0
0,0,0
281,470,0
260,530,0
0,0,0
0,0,0
67,470,0
0,0,0
0,0,0
0,0,0
19,450,0
0,0,0
0,0,0
0,0,0
15,530,0
0,0,0
0,0,0
91,490,0
0,0,0
0,0,0
117,510,0
199,450,0
0,0,0
0,0,0
0,0,0
0,0,0
308,490,0
0,0,0
220,490,0
0,0,0
0,0,0
0,0,0
39,550,0
251,450,0
0,0,0
0,0,0
0,0,0
0,0,0
0,0,0
3,490,0
0,0,0
376,450,0
0,0,0
0,0,0
385,490,0
342,510,0
0,0,0
0,0,0
0,0,0
0,0,0
0,0,0
393,550,0
130,450,0
315,550,0
0,0,0
256,490,0
21,550,0
0,0,0
372,490,0
84,550,0
50,470,0
0,0,0
0,0,0
0,0,0
0,0,0
0,0,0
0,0,0
0,0,0
0,0,0
197,450,0
0,0,0
46,490,0
138,470,0
209,470,0
351,530,0
271,470,0
17,550,0
0,0,0
0,0,0
0,0,0
0,0,0
0,0,0
0,0,0
0,0,0
52,510,0
290,470,0
0,0,0
0,0,0
291,510,0
0,0,0
219,550,0
279,450,0
371,550,0
0,0,0
7,490,0
0,0,0
198,550,0
0,0,0
0,0,0
0,0,0
78,470,0
0,0,0
0,0,0
253,550,0
0,0,0
0,0,0
0,0,0
0,0,0
0,0,0
389,470,0
198,450,0
0,0,0
0,0,0
98,470,0
235,550,0
0,0,0
313,530,0
0,0,0
73,530,0
0,0,0
0,0,0
0,0,0
0,0,0
0,0,0
163,510,0
0,0,0
0,0,0
194,490,0
0,0,0
0,0,0
346,530,0
0,0,0
0,0,0
0,0,0
0,0,0
0,0,0
0,0,0
0,0,0
0,0,0
0,0,0
0,0,0
0,0,0
385,450,0
0,0,0
0,0,0
0,0,0
260,470,0
0,0,0
0,0,0
0,0,0
0,0,0
294,550,0
164,550,0
0,0,0
0,0,0
0,0,0
237,470,0
0,0,0
124,470,0
0,0,0
301,510,0
277,510,0
0,0,0
169,470,0
0,0,0
0,0,0
217,550,0
0,0,0
0,0,0
0,0,0
0,0,0
171,510,0
168,470,0
0,0,0
0,0,0
0,0,0
0,0,0
207,470,0
0,0,0
0,0,0
322,510,0
0,0,0
0,0,0
338,550,0
0,0,0
0,0,0
0,0,0
0,0,0
0,0,0
0,0,0
0,0,0
168,490,0
0,0,0
0,0,0
0,0,0
0,0,0
0,0,0
0,0,0
0,0,0
202,510,0
290,450,0
355,530,0
0,0,0
0,0,0
0,0,0
0,0,0
0,0,0
0,0,0
189,510,0
0,0,0
0,0,0
0,0,0
0,0,0
292,550,0
0,0,0
0,0,0
0,0,0
0,0,0
296,550,0
0,0,0
344,510,0
46,470,0
213,550,0
0,0,0
0,0,0
0,0,0
0,0,0
0,0,0
0,0,0
0,0,0
95,510,0
0,0,0
0,0,0
0,0,0
240,490,0
165,450,0
16,550,0
45,470,0
0,0,0
0,0,0
0,0,0
0,0,0
0,0,0
0,0,0
217,490,0
292,470,0
0,0,0
0,0,0
0,0,0
236,510,0
0,0,0
0,0,0
180,470,0
0,0,0
0,0,0
0,0,0
0,0,0
243,490,0
0,0,0
0,0,0
398,450,0
0,0,0
0,0,0
0,0,0
288,510,0
209,490,0
0,0,0
0,0,0
103,490,0
0,0,0
0,0,0
0,0,0
30,450,0
220,450,0
0,0,0
0,0,0
0,0,0
0,0,0
0,0,0
167,450,0
0,0,0
0,0,0
0,0,0
0,0,0
0,0,0
0,0,0
0,0,0
0,0,0
0,0,0
0,0,0
0,0,0
0,0,0
297,550,0
0,0,0
364,510,0
92,490,0
0,0,0
250,510,0
0,0,0
0,0,0
0,0,0
0,0,0
296,530,0
0,0,0
0,0,0
0,0,0
24,550,0
0,0,0
348,530,0
0,0,0
352,490,0
0,0,0
349,490,0
0,0,0
0,0,0
0,0,0
0,0,0
0,0,0
266,530,0
0,0,0
0,0,0
0,0,0
0,0,0
356,510,0
0,0,0
0,0,0
0,0,0
0,0,0
121,530,0
113,490,0
0,0,0
0,0,0
0,0,0
0,0,0
0,0,0
0,0,0
155,450,0
0,0,0
0,0,0
0,0,0
0,0,0
244,510,0
0,0,0
36,470,0
24,530,0
55,510,0
0,0,0
0,0,0
150,450,0
400,550,0
0,0,0
0,0,0
0,0,0
0,0,0
0,0,0
0,0,0
0,0,0
0,0,0
53,510,0
0,0,0
0,0,0
0,0,0
0,0,0
0,0,0
0,0,0
0,0,0
0,0,0
0,0,0
0,0,0
0,0,0
0,0,0
0,0,0
0,0,0
0,0,0
0,0,0
0,0,0
95,450,0
0,0,0
335,510,0
23,530,0
0,0,0
144,450,0
0,0,0
0,0,0
0,0,0
282,490,0
0,0,0
384,510,0
154,510,0
0,0,0
0,0,0
320,550,0
0,0,0
0,0,0
0,0,0
0,0,0
0,0,0
254,510,0
341,490,0
0,0,0
296,470,0
0,0,0
342,450,0
0,0,0
0,0,0
347,550,0
0,0,0
0,0,0
0,0,0
133,530,0
0,0,0
0,0,0
0,0,0
0,0,0
251,490,0
356,470,0
0,0,0
0,0,0
0,0,0
0,0,0
0,0,0
0,0,0
0,0,0
0,0,0
71,510,0
136,530,0
377,450,0
0,0,0
0,0,0
177,450,0
49,530,0
0,0,0
379,550,0
0,0,0
350,490,0
0,0,0
0,0,0
0,0,0
0,0,0
301,550,0
0,0,0
0,0,0
171,530,0
187,510,0
0,0,0
326,550,0
0,0,0
0,0,0
0,0,0
0,0,0
266,470,0
158,490,0
0,0,0
0,0,0
109,550,0
0,0,0
0,0,0
1,450,0
314,530,0
0,0,0
0,0,0
0,0,0
0,0,0
0,0,0
240,510,0
0,0,0
0,0,0
0,0,0
0,0,0
208,510,0
0,0,0
0,0,0
186,470,0
183,470,0
0,0,0
0,0,0
0,0,0
314,450,0
0,0,0
178,510,0
0,0,0
0,0,0
0,0,0
356,530,0
0,0,0
105,470,0
0,0,0
0,0,0
0,0,0
0,0,0
0,0,0
185,470,0
0,0,0
138,530,0
371,450,0
0,0,0
0,0,0
99,510,0
224,470,0
299,470,0
282,550,0
129,550,0
0,0,0
0,0,0
0,0,0
0,0,0
0,0,0
0,0,0
0,0,0
0,0,0
0,0,0
0,0,0
0,0,0
0,0,0
0,0,0
0,0,0
269,510,0
113,510,0
0,0,0
0,0,0
0,0,0
0,0,0
339,550,0
0,0,0
314,490,0
0,0,0
0,0,0
0,0,0
0,0,0
0,0,0
0,0,0
0,0,0
110,550,0
0,0,0
0,0,0
0,0,0
100,470,0
0,0,0
0,0,0
0,0,0
0,0,0
0,0,0
0,0,0
0,0,0
0,0,0
0,0,0
0,0,0
0,0,0
0,0,0
298,490,0
0,0,0
92,510,0
0,0,0
0,0,0
0,0,0
0,0,0
0,0,0
42,530,0
0,0,0
0,0,0
36,450,0
0,0,0
243,470,0
13,530,0
0,0,0
0,0,0
0,0,0
0,0,0
0,0,0
0,0,0
0,0,0
157,450,0
92,550,0
0,0,0
180,490,0
0,0,0
0,0,0
0,0,0
0,0,0
115,550,0
0,0,0
0,0,0
0,0,0
291,490,0
0,0,0
0,0,0
1,490,0
0,0,0
0,0,0
0,0,0
0,0,0
530,550,1
0,0,0
329,490,0
0,0,0
257,450,0
0,0,0
0,0,0
321,450,0
0,0,0
228,550,0
19,550,0
0,0,0
0,0,0
0,0,0
96,450,0
0,0,0
0,0,0
0,0,0
0,0,0
0,0,0
340,470,0
0,0,0
0,0,0
0,0,0
64,530,0
0,0,0
0,0,0
0,0,0
362,510,0
0,0,0
0,0,0
0,0,0
0,0,0
0,0,0
0,0,0
306,470,0
0,0,0
0,0,0
0,0,0
0,0,0
0,0,0
0,0,0
0,0,0
0,0,0
0,0,0
0,0,0
0,0,0
6,530,0
390,550,0
0,0,0
0,0,0
0,0,0
68,550,0
0,0,0
0,0,0
0,0,0
0,0,0
0,0,0
0,0,0
399,550,0
0,0,0
0,0,0
0,0,0
0,0,0
0,0,0
342,490,0
0,0,0
0,0,0
0,0,0
73,510,0
0,0,0
0,0,0
114,550,0
338,530,0
0,0,0
0,0,0
0,0,0
346,470,0
0,0,0
0,0,0
0,0,0
0,0,0
0,0,0
0,0,0
61,530,0
0,0,0
151,550,0
0,0,0
368,530,0
0,0,0
0,0,0
0,0,0
0,0,0
0,0,0
0,0,0
91,450,0
0,0,0
0,0,0
0,0,0
0,0,0
221,530,0
49,550,0
0,0,0
0,0,0
140,450,0
0,0,0
0,0,0
0,0,0
0,0,0
0,0,0
0,0,0
0,0,0
289,490,0
0,0,0
0,0,0
0,0,0
0,0,0
0,0,0
0,0,0
0,0,0
0,0,0
0,0,0
0,0,0
27,530,0
0,0,0
0,0,0
152,530,0
0,0,0
0,0,0
0,0,0
0,0,0
0,0,0
0,0,0
263,550,0
0,0,0
0,0,0
196,470,0
285,490,0
0,0,0
303,550,0
0,0,0
0,0,0
371,510,0
0,0,0
129,450,0
0,0,0
0,0,0
0,0,0
0,0,0
0,0,0
87,490,0
0,0,0
0,0,0
0,0,0
0,0,0
78,550,0
0,0,0
125,470,0
0,0,0
0,0,0
364,490,0
0,0,0
0,0,0
0,0,0
0,0,0
229,530,0
0,0,0
271,550,0
271,490,0
0,0,0
0,0,0
0,0,0
166,530,0
119,510,0
0,0,0
0,0,0
254,550,0
150,550,0
0,0,0
0,0,0
0,0,0
146,490,0
246,490,0
381,550,0
103,470,0
0,0,0
0,0,0
0,0,0
0,0,0
281,510,0
0,0,0
238,550,0
35,490,0
0,0,0
100,550,0
0,0,0
0,0,0
0,0,0
0,0,0
0,0,0
0,0,0
0,0,0
127,550,0
0,0,0
0,0,0
0,0,0
0,0,0
39,450,0
0,0,0
320,530,0
0,0,0
0,0,0
88,550,0
0,0,0
0,0,0
201,510,0
0,0,0
0,0,0
0,0,0
0,0,0
0,0,0
0,0,0
170,550,0
242,470,0
0,0,0
0,0,0
305,550,0
66,550,0
0,0,0
0,0,0
41,510,0
57,450,0
0,0,0
0,0,0
0,0,0
0,0,0
0,0,0
0,0,0
120,510,0
0,0,0
0,0,0
0,0,0
0,0,0
0,0,0
0,0,0
0,0,0
122,490,0
0,0,0
334,490,0
278,450,0
284,450,0
229,450,0
0,0,0
0,0,0
0,0,0
0,0,0
0,0,0
320,470,0
374,450,0
0,0,0
0,0,0
0,0,0
384,470,0
0,0,0
0,0,0
212,470,0
0,0,0
353,510,0
0,0,0
0,0,0
0,0,0
0,0,0
0,0,0
0,0,0
37,450,0
0,0,0
0,0,0
0,0,0
0,0,0
0,0,0
244,490,0
0,0,0
0,0,0
0,0,0
0,0,0
108,490,0
0,0,0
0,0,0
0,0,0
0,0,0
0,0,0
349,550,0
0,0,0
321,510,0
242,450,0
0,0,0
0,0,0
238,490,0
96,510,0
0,0,0
0,0,0
0,0,0
0,0,0
0,0,0
139,550,0
0,0,0
142,550,0
0,0,0
0,0,0
0,0,0
0,0,0
0,0,0
0,0,0
0,0,0
0,0,0
240,450,0
0,0,0
0,0,0
0,0,0
0,0,0
0,0,0
0,0,0
0,0,0
14,450,0
0,0,0
284,470,0
0,0,0
0,0,0
390,450,0
0,0,0
360,530,0
0,0,0
0,0,0
95,530,0
0,0,0
0,0,0
7,470,0
0,0,0
0,0,0
0,0,0
0,0,0
0,0,0
0,0,0
0,0,0
0,0,0
0,0,0
0,0,0
0,0,0
0,0,0
309,510,0
0,0,0
0,0,0
41,490,0
0,0,0
35,470,0
0,0,0
0,0,0
380,470,0
255,490,0
0,0,0
79,470,0
135,510,0
0,0,0
0,0,0
0,0,0
0,0,0
0,0,0
0,0,0
104,470,0
0,0,0
0,0,0
254,490,0
0,0,0
0,0,0
0,0,0
0,0,0
64,450,0
0,0,0
0,0,0
133,470,0
0,0,0
0,0,0
83,530,0
0,0,0
490,450,1
0,0,0
0,0,0
0,0,0
0,0,0
94,550,0
309,530,0
0,0,0
0,0,0
242,550,0
0,0,0
0,0,0
122,510,0
0,0,0
0,0,0
378,450,0
0,0,0
0,0,0
0,0,0
0,0,0
0,0,0
77,470,0
179,510,0
0,0,0
0,0,0
76,490,0
148,530,0
0,0,0
0,0,0
0,0,0
174,510,0
0,0,0
0,0,0
368,470,0
0,0,0
0,0,0
0,0,0
16,530,0
289,550,0
0,0,0
0,0,0
0,0,0
0,0,0
0,0,0
0,0,0
28,530,0
0,0,0
0,0,0
219,530,0
139,530,0
0,0,0
0,0,0
376,550,0
0,0,0
0,0,0
210,530,0
0,0,0
104,550,0
0,0,0
0,0,0
326,450,0
0,0,0
40,550,0
0,0,0
0,0,0
79,530,0
0,0,0
0,0,0
0,0,0
290,510,0
0,0,0
0,0,0
131,550,0
0,0,0
352,550,0
0,0,0
0,0,0
0,0,0
0,0,0
0,0,0
91,510,0
160,490,0
0,0,0
0,0,0
0,0,0
327,490,0
305,490,0
0,0,0
0,0,0
15,470,0
0,0,0
280,510,0
0,0,0
0,0,0
0,0,0
319,470,0
0,0,0
135,470,0
0,0,0
0,0,0
0,0,0
0,0,0
249,530,0
0,0,0
0,0,0
0,0,0
0,0,0
0,0,0
7,550,0
0,0,0
0,0,0
0,0,0
0,0,0
0,0,0
298,470,0
0,0,0
0,0,0
0,0,0
266,550,0
248,550,0
0,0,0
228,490,0
0,0,0
0,0,0
0,0,0
0,0,0
263,530,0
221,490,0
0,0,0
0,0,0
0,0,0
97,450,0
0,0,0
300,470,0
0,0,0
0,0,0
0,0,0
0,0,0
0,0,0
0,0,0
64,550,0
0,0,0
0,0,0
323,550,0
128,490,0
0,0,0
0,0,0
306,510,0
0,0,0
49,490,0
0,0,0
0,0,0
0,0,0
0,0,0
0,0,0
0,0,0
278,550,0
0,0,0
0,0,0
0,0,0
34,450,0
37,470,0
0,0,0
0,0,0
321,550,0
0,0,0
302,510,0
0,0,0
141,490,0
0,0,0
113,450,0
194,530,0
214,450,0
0,0,0
385,470,0
279,470,0
0,0,0
0,0,0
0,0,0
0,0,0
251,550,0
0,0,0
34,530,0
0,0,0
0,0,0
0,0,0
40,450,0
0,0,0
0,0,0
0,0,0
221,510,0
0,0,0
0,0,0
0,0,0
0,0,0
0,0,0
77,530,0
0,0,0
108,450,0
0,0,0
18,550,0
325,470,0
0,0,0
293,450,0
0,0,0
0,0,0
255,450,0
0,0,0
0,0,0
0,0,0
132,450,0
0,0,0
265,550,0
0,0,0
0,0,0
0,0,0
0,0,0
0,0,0
0,0,0
0,0,0
0,0,0
0,0,0
3,510,0
0,0,0
0,0,0
0,0,0
0,0,0
86,510,0
13,450,0
0,0,0
0,0,0
0,0,0
0,0,0
0,0,0
116,470,0
0,0,0
0,0,0
0,0,0
0,0,0
313,510,0
0,0,0
0,0,0
377,530,0
0,0,0
0,0,0
0,0,0
0,0,0
0,0,0
0,0,0
0,0,0
0,0,0
244,550,0
0,0,0
0,0,0
99,550,0
0,0,0
286,510,0
147,470,0
120,450,0
0,0,0
84,470,0
0,0,0
0,0,0
0,0,0
0,0,0
0,0,0
340,490,0
0,0,0
0,0,0
0,0,0
0,0,0
0,0,0
0,0,0
0,0,0
166,510,0
77,510,0
256,450,0
0,0,0
0,0,0
0,0,0
191,550,0
118,550,0
0,0,0
0,0,0
0,0,0
90,530,0
0,0,0
271,510,0
0,0,0
0,0,0
0,0,0
0,0,0
0,0,0
217,470,0
375,470,0
0,0,0
179,450,0
0,0,0
0,0,0
0,0,0
0,0,0
0,0,0
176,450,0
353,550,0
0,0,0
246,450,0
0,0,0
0,0,0
0,0,0
0,0,0
149,470,0
54,490,0
174,470,0
0,0,0
320,490,0
0,0,0
0,0,0
376,530,0
0,0,0
0,0,0
0,0,0
0,0,0
0,0,0
0,0,0
0,0,0
382,530,0
0,0,0
0,0,0
0,0,0
0,0,0
0,0,0
246,510,0
0,0,0
138,490,0
0,0,0
0,0,0
0,0,0
43,510,0
28,510,0
0,0,0
0,0,0
0,0,0
175,510,0
0,0,0
0,0,0
231,550,0
0,0,0
0,0,0
0,0,0
0,0,0
332,470,0
20,530,0
326,530,0
0,0,0
0,0,0
276,490,0
0,0,0
0,0,0
364,550,0
248,470,0
0,0,0
0,0,0
283,510,0
107,550,0
30,470,0
0,0,0
245,530,0
57,530,0
0,0,0
4,470,0
0,0,0
0,0,0
0,0,0
0,0,0
0,0,0
0,0,0
0,0,0
0,0,0
0,0,0
313,550,0
121,490,0
0,0,0
0,0,0
0,0,0
9,470,0
0,0,0
0,0,0
359,550,0
20,490,0
0,0,0
0,0,0
258,510,0
0,0,0
0,0,0
329,510,0
0,0,0
0,0,0
0,0,0
0,0,0
50,490,0
0,0,0
0,0,0
0,0,0
0,0,0
0,0,0
0,0,0
0,0,0
0,0,0
223,490,0
0,0,0
121,550,0
227,450,0
17,470,0
0,0,0
0,0,0
199,510,0
323,490,0
0,0,0
0,0,0
0,0,0
0,0,0
0,0,0
0,0,0
0,0,0
0,0,0
330,490,0
0,0,0
335,450,0
0,0,0
0,0,0
0,0,0
339,530,0
0,0,0
0,0,0
0,0,0
0,0,0
0,0,0
161,450,0
0,0,0
0,0,0
0,0,0
340,530,0
136,550,0
0,0,0
0,0,0
0,0,0
0,0,0
0,0,0
0,0,0
0,0,0
0,0,0
0,0,0
0,0,0
133,550,0
207,530,0
0,0,0
222,490,0
0,0,0
0,0,0
0,0,0
0,0,0
0,0,0
56,550,0
0,0,0
355,470,0
0,0,0
0,0,0
387,550,0
0,0,0
0,0,0
0,0,0
0,0,0
0,0,0
0,0,0
0,0,0
335,490,0
0,0,0
0,0,0
148,470,0
12,530,0
290,530,0
0,0,0
0,0,0
392,550,0
0,0,0
389,450,0
397,450,0
0,0,0
0,0,0
0,0,0
0,0,0
213,490,0
94,490,0
233,490,0
145,490,0
0,0,0
0,0,0
0,0,0
0,0,0
0,0,0
0,0,0
0,0,0
111,470,0
0,0,0
0,0,0
363,550,0
0,0,0
0,0,0
0,0,0
0,0,0
0,0,0
0,0,0
0,0,0
0,0,0
0,0,0
0,0,0
44,550,0
203,490,0
312,530,0
38,450,0
0,0,0
0,0,0
0,0,0
0,0,0
339,510,0
225,510,0
0,0,0
0,0,0
0,0,0
0,0,0
0,0,0
0,0,0
0,0,0
0,0,0
0,0,0
0,0,0
0,0,0
0,0,0
0,0,0
0,0,0
232,550,0
0,0,0
0,0,0
307,470,0
0,0,0
0,0,0
0,0,0
0,0,0
0,0,0
0,0,0
42,510,0
384,490,0
0,0,0
0,0,0
0,0,0
0,0,0
0,0,0
0,0,0
0,0,0
0,0,0
0,0,0
0,0,0
0,0,0
68,530,0
0,0,0
0,0,0
272,470,0
31,470,0
146,510,0
0,0,0
0,0,0
252,470,0
0,0,0
361,450,0
216,530,0
0,0,0
0,0,0
0,0,0
0,0,0
0,0,0
0,0,0
0,0,0
0,0,0
0,0,0
0,0,0
0,0,0
322,490,0
0,0,0
127,510,0
21,510,0
0,0,0
30,490,0
0,0,0
0,0,0
111,450,0
130,490,0
235,450,0
0,0,0
0,0,0
0,0,0
0,0,0
0,0,0
59,550,0
0,0,0
0,0,0
0,0,0
0,0,0
0,0,0
4,530,0
0,0,0
326,470,0
225,450,0
0,0,0
192,510,0
0,0,0
142,470,0
0,0,0
0,0,0
0,0,0
0,0,0
0,0,0
20,470,0
267,510,0
0,0,0
347,470,0
0,0,0
0,0,0
0,0,0
295,550,0
61,510,0
151,470,0
0,0,0
0,0,0
0,0,0
0,0,0
0,0,0
373,550,0
0,0,0
0,0,0
26,530,0
0,0,0
0,0,0
0,0,0
0,0,0
256,530,0
388,450,0
173,470,0
0,0,0
0,0,0
0,0,0
330,450,0
288,530,0
0,0,0
0,0,0
0,0,0
0,0,0
148,550,0
0,0,0
0,0,0
0,0,0
0,0,0
0,0,0
267,530,0
214,470,0
0,0,0
0,0,0
0,0,0
0,0,0
0,0,0
188,450,0
78,450,0
284,530,0
0,0,0
0,0,0
0,0,0
0,0,0
0,0,0
0,0,0
0,0,0
0,0,0
0,0,0
0,0,0
0,0,0
0,0,0
0,0,0
0,0,0
0,0,0
371,490,0
0,0,0
0,0,0
396,490,0
0,0,0
156,470,0
0,0,0
234,510,0
0,0,0
0,0,0
0,0,0
358,550,0
158,470,0
0,0,0
0,0,0
0,0,0
0,0,0
0,0,0
327,470,0
325,510,0
0,0,0
0,0,0
0,0,0
0,0,0
0,0,0
0,0,0
0,0,0
0,0,0
0,0,0
24,470,0
159,550,0
0,0,0
234,450,0
0,0,0
61,550,0
179,470,0
0,0,0
27,450,0
315,510,0
0,0,0
0,0,0
0,0,0
0,0,0
228,470,0
0,0,0
0,0,0
134,530,0
74,550,0
270,550,0
0,0,0
0,0,0
0,0,0
0,0,0
72,450,0
109,490,0
50,450,0
0,0,0
0,0,0
0,0,0
0,0,0
296,510,0
0,0,0
0,0,0
50,530,0
0,0,0
81,470,0
0,0,0
0,0,0
0,0,0
77,450,0
204,450,0
0,0,0
0,0,0
0,0,0
0,0,0
0,0,0
366,450,0
0,0,0
240,470,0
0,0,0
0,0,0
0,0,0
0,0,0
0,0,0
0,0,0
0,0,0
0,0,0
25,490,0
93,530,0
198,530,0
0,0,0
0,0,0
0,0,0
0,0,0
0,0,0
0,0,0
0,0,0
0,0,0
114,470,0
0,0,0
0,0,0
0,0,0
0,0,0
0,0,0
0,0,0
0,0,0
0,0,0
154,550,0
0,0,0
106,490,0
0,0,0
59,490,0
0,0,0
280,490,0
0,0,0
262,470,0
113,470,0
0,0,0
0,0,0
0,0,0
235,470,0
0,0,0
344,550,0
258,550,0
107,490,0
0,0,0
0,0,0
0,0,0
0,0,0
323,470,0
0,0,0
0,0,0
0,0,0
392,470,0
0,0,0
0,0,0
0,0,0
0,0,0
143,510,0
390,510,0
0,0,0
273,470,0
0,0,0
0,0,0
144,530,0
0,0,0
0,0,0
0,0,0
0,0,0
278,470,0
0,0,0
0,0,0
129,510,0
0,0,0
363,490,0
0,0,0
0,0,0
0,0,0
0,0,0
0,0,0
237,450,0
0,0,0
58,550,0
80,450,0
0,0,0
0,0,0
0,0,0
0,0,0
176,490,0
0,0,0
0,0,0
0,0,0
0,0,0
0,0,0
0,0,0
139,510,0
0,0,0
0,0,0
0,0,0
0,0,0
218,530,0
0,0,0
0,0,0
0,0,0
316,450,0
172,510,0
0,0,0
195,550,0
0,0,0
337,470,0
0,0,0
0,0,0
0,0,0
0,0,0
331,470,0
0,0,0
0,0,0
291,550,0
0,0,0
69,450,0
0,0,0
193,490,0
0,0,0
0,0,0
105,450,0
368,490,0
0,0,0
74,450,0
0,0,0
0,0,0
222,550,0
0,0,0
0,0,0
0,0,0
0,0,0
355,450,0
0,0,0
0,0,0
330,550,0
0,0,0
0,0,0
0,0,0
0,0,0
159,470,0
0,0,0
0,0,0
0,0,0
0,0,0
0,0,0
116,450,0
71,470,0
0,0,0
0,0,0
30,550,0
163,470,0
0,0,0
0,0,0
0,0,0
0,0,0
0,0,0
29,450,0
180,510,0
84,510,0
307,510,0
0,0,0
183,490,0
104,530,0
0,0,0
0,0,0
0,0,0
0,0,0
0,0,0
0,0,0
109,470,0
0,0,0
93,550,0
151,490,0
0,0,0
0,0,0
311,550,0
0,0,0
0,0,0
0,0,0
112,550,0
366,470,0
0,0,0
132,490,0
25,550,0
0,0,0
283,490,0
0,0,0
0,0,0
0,0,0
0,0,0
0,0,0
0,0,0
119,530,0
310,550,0
0,0,0
0,0,0
23,470,0
370,470,0
0,0,0
0,0,0
24,490,0
0,0,0
0,0,0
0,0,0
304,490,0
150,510,0
309,490,0
0,0,0
0,0,0
28,450,0
0,0,0
0,0,0
211,450,0
0,0,0
0,0,0
173,530,0
247,450,0
178,490,0
0,0,0
0,0,0
0,0,0
0,0,0
0,0,0
0,0,0
0,0,0
0,0,0
0,0,0
237,510,0
0,0,0
0,0,0
203,450,0
0,0,0
0,0,0
0,0,0
0,0,0
0,0,0
0,0,0
0,0,0
0,0,0
40,490,0
112,450,0
0,0,0
0,0,0
0,0,0
0,0,0
158,450,0
0,0,0
0,0,0
357,530,0
0,0,0
0,0,0
0,0,0
0,0,0
0,0,0
0,0,0
124,510,0
0,0,0
0,0,0
0,0,0
370,490,0
0,0,0
71,550,0
510,490,1
170,450,0
121,510,0
0,0,0
0,0,0
0,0,0
0,0,0
310,510,0
0,0,0
0,0,0
399,450,0
0,0,0
0,0,0
0,0,0
0,0,0
0,0,0
320,510,0
0,0,0
0,0,0
0,0,0
224,530,0
0,0,0
0,0,0
0,0,0
247,470,0
0,0,0
281,550,0
344,450,0
280,450,0
0,0,0
0,0,0
0,0,0
0,0,0
0,0,0
0,0,0
0,0,0
0,0,0
0,0,0
0,0,0
0,0,0
81,510,0
0,0,0
0,0,0
0,0,0
0,0,0
0,0,0
0,0,0
0,0,0
0,0,0
68,450,0
0,0,0
396,530,0
0,0,0
0,0,0
0,0,0
0,0,0
0,0,0
130,510,0
69,530,0
277,450,0
147,530,0
0,0,0
369,550,0
255,470,0
110,450,0
0,0,0
386,550,0
0,0,0
0,0,0
0,0,0
0,0,0
0,0,0
14,490,0
0,0,0
0,0,0
0,0,0
0,0,0
0,0,0
0,0,0
0,0,0
0,0,0
0,0,0
0,0,0
0,0,0
0,0,0
103,450,0
0,0,0
0,0,0
0,0,0
0,0,0
0,0,0
0,0,0
0,0,0
0,0,0
0,0,0
0,0,0
0,0,0
38,490,0
0,0,0
0,0,0
0,0,0
0,0,0
0,0,0
0,0,0
311,510,0
155,510,0
550,470,1
0,0,0
0,0,0
0,0,0
0,0,0
0,0,0
0,0,0
288,550,0
0,0,0
0,0,0
0,0,0
0,0,0
0,0,0
0,0,0
0,0,0
0,0,0
0,0,0
0,0,0
0,0,0
0,0,0
0,0,0
0,0,0
0,0,0
254,530,0
0,0,0
183,450,0
0,0,0
0,0,0
0,0,0
266,490,0
0,0,0
0,0,0
0,0,0
123,470,0
0,0,0
253,490,0
0,0,0
280,470,0
134,470,0
325,490,0
0,0,0
318,550,0
234,470,0
0,0,0
0,0,0
0,0,0
0,0,0
0,0,0
0,0,0
0,0,0
0,0,0
351,470,0
450,490,1
0,0,0
312,490,0
0,0,0
141,450,0
0,0,0
0,0,0
0,0,0
0,0,0
0,0,0
0,0,0
0,0,0
0,0,0
0,0,0
0,0,0
0,0,0
151,510,0
0,0,0
322,530,0
0,0,0
0,0,0
0,0,0
0,0,0
0,0,0
261,510,0
398,550,0
0,0,0
256,470,0
0,0,0
0,0,0
193,510,0
0,0,0
85,450,0
316,470,0
0,0,0
0,0,0
0,0,0
0,0,0
65,530,0
0,0,0
0,0,0
0,0,0
0,0,0
0,0,0
0,0,0
0,0,0
212,510,0
0,0,0
212,530,0
397,530,0
0,0,0
0,0,0
0,0,0
331,490,0
0,0,0
160,510,0
0,0,0
0,0,0
307,450,0
0,0,0
0,0,0
0,0,0
0,0,0
0,0,0
0,0,0
400,530,0
0,0,0
0,0,0
307,550,0
0,0,0
0,0,0
0,0,0
0,0,0
118,470,0
0,0,0
0,0,0
0,0,0
0,0,0
193,530,0
296,450,0
0,0,0
53,530,0
0,0,0
0,0,0
0,0,0
0,0,0
333,510,0
245,450,0
0,0,0
0,0,0
0,0,0
0,0,0
0,0,0
0,0,0
0,0,0
122,530,0
111,490,0
117,550,0
0,0,0
211,550,0
281,490,0
0,0,0
395,530,0
73,550,0
0,0,0
132,510,0
0,0,0
187,530,0
0,0,0
0,0,0
98,530,0
219,510,0
0,0,0
0,0,0
0,0,0
0,0,0
0,0,0
0,0,0
188,550,0
0,0,0
387,510,0
0,0,0
223,510,0
0,0,0
0,0,0
0,0,0
0,0,0
0,0,0
0,0,0
55,450,0
47,530,0
282,510,0
382,450,0
0,0,0
0,0,0
0,0,0
187,450,0
0,0,0
0,0,0
0,0,0
0,0,0
0,0,0
360,510,0
0,0,0
0,0,0
94,530,0
0,0,0
0,0,0
0,0,0
0,0,0
0,0,0
141,510,0
0,0,0
376,510,0
178,470,0
140,510,0
0,0,0
0,0,0
1,510,0
0,0,0
0,0,0
272,450,0
0,0,0
0,0,0
0,0,0
0,0,0
0,0,0
0,0,0
0,0,0
0,0,0
15,450,0
0,0,0
0,0,0
0,0,0
0,0,0
16,490,0
5,550,0
73,470,0
0,0,0
38,510,0
0,0,0
0,0,0
0,0,0
0,0,0
241,470,0
0,0,0
75,530,0
0,0,0
0,0,0
384,450,0
0,0,0
0,0,0
0,0,0
364,470,0
0,0,0
0,0,0
128,450,0
232,450,0
0,0,0
0,0,0
0,0,0
0,0,0
0,0,0
0,0,0
0,0,0
381,530,0
0,0,0
388,510,0
0,0,0
171,490,0
240,530,0
0,0,0
0,0,0
0,0,0
0,0,0
0,0,0
0,0,0
0,0,0
236,530,0
62,470,0
0,0,0
0,0,0
0,0,0
0,0,0
0,0,0
195,510,0
273,510,0
0,0,0
0,0,0
0,0,0
0,0,0
0,0,0
158,510,0
0,0,0
0,0,0
0,0,0
99,470,0
0,0,0
0,0,0
0,0,0
163,530,0
0,0,0
0,0,0
0,0,0
0,0,0
0,0,0
0,0,0
105,550,0
0,0,0
0,0,0
44,530,0
0,0,0
0,0,0
269,470,0
0,0,0
117,450,0
0,0,0
319,530,0
227,530,0
0,0,0
0,0,0
0,0,0
223,550,0
0,0,0
0,0,0
0,0,0
0,0,0
0,0,0
0,0,0
0,0,0
226,530,0
0,0,0
0,0,0
0,0,0
0,0,0
199,490,0
0,0,0
0,0,0
0,0,0
0,0,0
234,490,0
0,0,0
0,0,0
0,0,0
0,0,0
11,450,0
270,490,0
0,0,0
0,0,0
0,0,0
0,0,0
0,0,0
43,530,0
0,0,0
0,0,0
0,0,0
0,0,0
0,0,0
0,0,0
0,0,0
0,0,0
0,0,0
396,510,0
328,510,0
126,490,0
0,0,0
0,0,0
0,0,0
0,0,0
0,0,0
0,0,0
0,0,0
0,0,0
0,0,0
0,0,0
0,0,0
0,0,0
0,0,0
0,0,0
314,550,0
0,0,0
198,510,0
0,0,0
0,0,0
0,0,0
9,530,0
0,0,0
0,0,0
374,550,0
0,0,0
0,0,0
31,450,0
0,0,0
291,470,0
0,0,0
150,530,0
0,0,0
0,0,0
0,0,0
174,450,0
0,0,0
0,0,0
0,0,0
0,0,0
0,0,0
237,490,0
335,550,0
0,0,0
0,0,0
0,0,0
383,470,0
0,0,0
398,510,0
0,0,0
470,510,1
18,530,0
0,0,0
177,490,0
0,0,0
0,0,0
97,490,0
0,0,0
0,0,0
0,0,0
0,0,0
0,0,0
0,0,0
0,0,0
122,470,0
393,470,0
0,0,0
352,510,0
0,0,0
0,0,0
0,0,0
0,0,0
0,0,0
0,0,0
0,0,0
0,0,0
0,0,0
0,0,0
0,0,0
0,0,0
0,0,0
0,0,0
0,0,0
0,0,0
0,0,0
358,490,0
0,0,0
0,0,0
0,0,0
0,0,0
0,0,0
0,0,0
0,0,0
0,0,0
0,0,0
0,0,0
0,0,0
0,0,0
0,0,0
0,0,0
0,0,0
0,0,0
245,470,0
0,0,0
0,0,0
110,530,0
0,0,0
0,0,0
249,510,0
214,530,0
0,0,0
240,550,0
53,490,0
0,0,0
0,0,0
82,530,0
86,550,0
11,510,0
0,0,0
0,0,0
0,0,0
0,0,0
0,0,0
0,0,0
0,0,0
0,0,0
276,530,0
470,530,1
0,0,0
0,0,0
198,490,0
0,0,0
0,0,0
287,470,0
126,530,0
164,470,0
0,0,0
0,0,0
106,530,0
0,0,0
288,470,0
0,0,0
0,0,0
0,0,0
0,0,0
0,0,0
0,0,0
329,530,0
0,0,0
71,530,0
0,0,0
0,0,0
0,0,0
0,0,0
272,530,0
202,490,0
0,0,0
0,0,0
0,0,0
209,450,0
0,0,0
0,0,0
0,0,0
0,0,0
0,0,0
212,490,0
0,0,0
0,0,0
0,0,0
184,450,0
0,0,0
117,530,0
0,0,0
253,510,0
0,0,0
270,470,0
0,0,0
247,530,0
0,0,0
380,450,0
260,490,0
0,0,0
0,0,0
0,0,0
0,0,0
0,0,0
0,0,0
0,0,0
88,530,0
181,470,0
337,550,0
0,0,0
0,0,0
0,0,0
0,0,0
0,0,0
0,0,0
0,0,0
0,0,0
0,0,0
0,0,0
162,490,0
0,0,0
0,0,0
29,550,0
0,0,0
0,0,0
225,490,0
0,0,0
257,470,0
58,450,0
0,0,0
183,530,0
0,0,0
89,470,0
0,0,0
0,0,0
197,490,0
274,530,0
0,0,0
0,0,0
180,450,0
0,0,0
0,0,0
0,0,0
0,0,0
0,0,0
0,0,0
397,470,0
0,0,0
0,0,0
190,550,0
0,0,0
0,0,0
0,0,0
0,0,0
321,530,0
0,0,0
0,0,0
0,0,0
205,550,0
0,0,0
0,0,0
87,470,0
0,0,0
0,0,0
0,0,0
100,510,0
0,0,0
141,550,0
0,0,0
247,550,0
0,0,0
0,0,0
0,0,0
0,0,0
75,510,0
89,550,0
0,0,0
0,0,0
0,0,0
0,0,0
164,530,0
0,0,0
0,0,0
0,0,0
393,490,0
0,0,0
0,0,0
220,550,0
0,0,0
224,510,0
0,0,0
270,530,0
0,0,0
0,0,0
0,0,0
0,0,0
159,510,0
0,0,0
0,0,0
0,0,0
0,0,0
0,0,0
52,550,0
0,0,0
0,0,0
302,470,0
0,0,0
0,0,0
0,0,0
0,0,0
0,0,0
0,0,0
0,0,0
0,0,0
0,0,0
0,0,0
0,0,0
0,0,0
264,490,0
77,550,0
0,0,0
388,470,0
0,0,0
0,0,0
0,0,0
285,470,0
90,470,0
0,0,0
57,550,0
392,510,0
0,0,0
0,0,0
236,470,0
0,0,0
383,530,0
397,510,0
0,0,0
146,550,0
0,0,0
42,450,0
221,470,0
0,0,0
0,0,0
0,0,0
0,0,0
0,0,0
0,0,0
0,0,0
0,0,0
42,490,0
0,0,0
278,530,0
0,0,0
0,0,0
272,490,0
297,470,0
182,510,0
0,0,0
0,0,0
257,490,0
79,490,0
262,510,0
0,0,0
0,0,0
0,0,0
264,550,0
0,0,0
0,0,0
0,0,0
335,530,0
0,0,0
0,0,0
0,0,0
0,0,0
0,0,0
142,530,0
226,470,0
0,0,0
148,490,0
0,0,0
337,450,0
0,0,0
0,0,0
0,0,0
0,0,0
0,0,0
0,0,0
336,490,0
90,510,0
10,490,0
397,550,0
204,470,0
0,0,0
295,510,0
178,530,0
74,470,0
0,0,0
229,490,0
0,0,0
204,490,0
0,0,0
219,450,0
0,0,0
0,0,0
0,0,0
0,0,0
0,0,0
399,530,0
0,0,0
0,0,0
391,490,0
196,550,0
0,0,0
306,490,0
0,0,0
0,0,0
0,0,0
51,530,0
0,0,0
189,470,0
72,510,0
0,0,0
0,0,0
0,0,0
0,0,0
0,0,0
0,0,0
0,0,0
0,0,0
0,0,0
0,0,0
0,0,0
0,0,0
0,0,0
0,0,0
322,450,0
0,0,0
0,0,0
0,0,0
209,530,0
0,0,0
81,490,0
0,0,0
0,0,0
0,0,0
0,0,0
203,510,0
0,0,0
90,550,0
0,0,0
0,0,0
0,0,0
0,0,0
0,0,0
0,0,0
0,0,0
0,0,0
0,0,0
0,0,0
0,0,0
0,0,0
245,490,0
0,0,0
318,490,0
0,0,0
0,0,0
239,450,0
187,470,0
48,490,0
0,0,0
173,510,0
0,0,0
0,0,0
0,0,0
0,0,0
237,550,0
0,0,0
25,510,0
0,0,0
0,0,0
0,0,0
0,0,0
0,0,0
0,0,0
0,0,0
229,550,0
0,0,0
0,0,0
214,510,0
0,0,0
0,0,0
0,0,0
0,0,0
0,0,0
359,530,0
0,0,0
0,0,0
0,0,0
0,0,0
0,0,0
45,450,0
0,0,0
0,0,0
0,0,0
0,0,0
0,0,0
120,530,0
0,0,0
0,0,0
0,0,0
0,0,0
309,550,0
147,490,0
393,450,0
40,530,0
55,490,0
0,0,0
76,470,0
0,0,0
0,0,0
385,510,0
0,0,0
0,0,0
0,0,0
88,450,0
321,490,0
134,450,0
0,0,0
389,490,0
280,550,0
0,0,0
0,0,0
0,0,0
0,0,0
332,450,0
283,530,0
0,0,0
220,510,0
0,0,0
0,0,0
0,0,0
0,0,0
44,470,0
0,0,0
0,0,0
0,0,0
0,0,0
102,510,0
0,0,0
0,0,0
0,0,0
0,0,0
0,0,0
0,0,0
0,0,0
0,0,0
0,0,0
0,0,0
0,0,0
380,490,0
130,530,0
0,0,0
0,0,0
0,0,0
0,0,0
0,0,0
0,0,0
0,0,0
0,0,0
285,510,0
269,550,0
0,0,0
0,0,0
173,450,0
0,0,0
35,450,0
0,0,0
242,530,0
0,0,0
0,0,0
0,0,0
0,0,0
0,0,0
0,0,0
0,0,0
0,0,0
0,0,0
142,510,0
0,0,0
366,510,0
0,0,0
201,450,0
0,0,0
0,0,0
0,0,0
0,0,0
316,510,0
0,0,0
0,0,0
375,530,0
51,490,0
200,450,0
0,0,0
0,0,0
0,0,0
0,0,0
0,0,0
369,510,0
450,550,1
0,0,0
0,0,0
0,0,0
0,0,0
0,0,0
0,0,0
0,0,0
61,450,0
0,0,0
35,530,0
0,0,0
373,530,0
0,0,0
0,0,0
0,0,0
0,0,0
91,530,0
0,0,0
0,0,0
0,0,0
0,0,0
0,0,0
0,0,0
0,0,0
0,0,0
134,510,0
394,450,0
0,0,0
0,0,0
0,0,0
0,0,0
0,0,0
0,0,0
86,470,0
260,510,0
0,0,0
23,490,0
0,0,0
0,0,0
398,530,0
0,0,0
0,0,0
0,0,0
295,490,0
309,450,0
39,510,0
0,0,0
0,0,0
0,0,0
52,470,0
0,0,0
245,510,0
0,0,0
0,0,0
0,0,0
250,490,0
0,0,0
0,0,0
0,0,0
0,0,0
139,450,0
0,0,0
0,0,0
190,530,0
0,0,0
0,0,0
0,0,0
0,0,0
0,0,0
0,0,0
0,0,0
166,490,0
0,0,0
75,470,0
0,0,0
0,0,0
0,0,0
266,450,0
141,470,0
0,0,0
135,550,0
0,0,0
0,0,0
98,450,0
0,0,0
0,0,0
0,0,0
0,0,0
0,0,0
0,0,0
224,490,0
0,0,0
0,0,0
0,0,0
348,510,0
0,0,0
0,0,0
2,490,0
0,0,0
0,0,0
335,470,0
45,550,0
0,0,0
365,450,0
0,0,0
333,530,0
0,0,0
0,0,0
38,530,0
0,0,0
0,0,0
0,0,0
0,0,0
166,470,0
276,470,0
0,0,0
0,0,0
83,550,0
0,0,0
0,0,0
157,510,0
0,0,0
0,0,0
0,0,0
0,0,0
0,0,0
0,0,0
0,0,0
0,0,0
0,0,0
0,0,0
0,0,0
0,0,0
0,0,0
350,550,0
269,530,0
0,0,0
0,0,0
337,490,0
107,470,0
347,450,0
0,0,0
0,0,0
0,0,0
0,0,0
0,0,0
0,0,0
82,470,0
170,530,0
0,0,0
0,0,0
0,0,0
0,0,0
0,0,0
124,490,0
0,0,0
203,550,0
0,0,0
0,0,0
0,0,0
0,0,0
0,0,0
322,550,0
0,0,0
0,0,0
0,0,0
143,450,0
0,0,0
0,0,0
0,0,0
0,0,0
226,550,0
0,0,0
258,530,0
0,0,0
0,0,0
0,0,0
355,490,0
0,0,0
0,0,0
0,0,0
0,0,0
0,0,0
0,0,0
260,450,0
0,0,0
0,0,0
380,550,0
0,0,0
0,0,0
0,0,0
0,0,0
0,0,0
210,550,0
193,550,0
0,0,0
0,0,0
0,0,0
0,0,0
0,0,0
0,0,0
8,450,0
0,0,0
0,0,0
0,0,0
0,0,0
0,0,0
0,0,0
0,0,0
156,450,0
0,0,0
162,530,0
0,0,0
0,0,0
81,530,0
0,0,0
0,0,0
0,0,0
84,450,0
379,530,0
14,470,0
0,0,0
0,0,0
0,0,0
0,0,0
239,550,0
0,0,0
312,470,0
232,530,0
67,510,0
0,0,0
0,0,0
0,0,0
0,0,0
0,0,0
0,0,0
0,0,0
0,0,0
0,0,0
0,0,0
0,0,0
0,0,0
0,0,0
306,530,0
0,0,0
0,0,0
0,0,0
0,0,0
32,550,0
62,450,0
215,510,0
0,0,0
313,470,0
0,0,0
0,0,0
0,0,0
0,0,0
179,550,0
221,550,0
0,0,0
0,0,0
0,0,0
0,0,0
167,470,0
0,0,0
0,0,0
0,0,0
0,0,0
0,0,0
0,0,0
0,0,0
373,490,0
0,0,0
0,0,0
0,0,0
0,0,0
4,490,0
0,0,0
96,470,0
0,0,0
102,470,0
100,450,0
0,0,0
0,0,0
70,530,0
0,0,0
196,530,0
0,0,0
0,0,0
0,0,0
239,470,0
192,470,0
0,0,0
356,490,0
0,0,0
0,0,0
0,0,0
0,0,0
0,0,0
0,0,0
0,0,0
0,0,0
0,0,0
0,0,0
0,0,0
143,490,0
0,0,0
0,0,0
180,550,0
181,510,0
0,0,0
0,0,0
0,0,0
0,0,0
0,0,0
0,0,0
0,0,0
0,0,0
0,0,0
0,0,0
0,0,0
243,530,0
0,0,0
0,0,0
0,0,0
0,0,0
0,0,0
0,0,0
0,0,0
0,0,0
0,0,0
0,0,0
0,0,0
278,490,0
0,0,0
0,0,0
0,0,0
0,0,0
3,530,0
0,0,0
358,530,0
0,0,0
0,0,0
21,470,0
0,0,0
310,470,0
0,0,0
0,0,0
0,0,0
0,0,0
0,0,0
199,470,0
0,0,0
0,0,0
63,530,0
0,0,0
236,450,0
217,510,0
79,510,0
0,0,0
21,490,0
0,0,0
267,550,0
183,550,0
0,0,0
0,0,0
0,0,0
1,550,0
0,0,0
0,0,0
197,530,0
0,0,0
0,0,0
0,0,0
0,0,0
212,550,0
0,0,0
0,0,0
0,0,0
0,0,0
0,0,0
317,510,0
0,0,0
0,0,0
42,470,0
0,0,0
0,0,0
23,510,0
0,0,0
0,0,0
0,0,0
0,0,0
0,0,0
0,0,0
0,0,0
0,0,0
0,0,0
0,0,0
0,0,0
0,0,0
350,470,0
0,0,0
0,0,0
0,0,0
0,0,0
0,0,0
78,530,0
0,0,0
55,550,0
379,490,0
0,0,0
225,470,0
0,0,0
0,0,0
382,470,0
0,0,0
0,0,0
0,0,0
0,0,0
348,450,0
0,0,0
0,0,0
0,0,0
218,470,0
99,530,0
0,0,0
0,0,0
42,550,0
0,0,0
0,0,0
5,510,0
29,530,0
0,0,0
0,0,0
0,0,0
0,0,0
0,0,0
174,550,0
184,550,0
0,0,0
0,0,0
0,0,0
0,0,0
0,0,0
0,0,0
0,0,0
352,530,0
0,0,0
152,470,0
210,470,0
0,0,0
0,0,0
147,450,0
0,0,0
0,0,0
0,0,0
0,0,0
106,450,0
0,0,0
0,0,0
0,0,0
0,0,0
0,0,0
550,490,1
348,470,0
0,0,0
226,510,0
109,450,0
0,0,0
294,530,0
0,0,0
0,0,0
0,0,0
510,470,1
0,0,0
0,0,0
0,0,0
222,530,0
0,0,0
0,0,0
450,470,1
0,0,0
0,0,0
0,0,0
0,0,0
0,0,0
0,0,0
0,0,0
0,0,0
0,0,0
135,530,0
0,0,0
0,0,0
0,0,0
0,0,0
0,0,0
0,0,0
0,0,0
0,0,0
0,0,0
0,0,0
0,0,0
0,0,0
0,0,0
0,0,0
0,0,0
0,0,0
0,0,0
0,0,0
0,0,0
98,490,0
0,0,0
0,0,0
0,0,0
190,510,0
0,0,0
250,530,0
0,0,0
0,0,0
0,0,0
0,0,0
0,0,0
0,0,0
0,0,0
37,510,0
0,0,0
0,0,0
0,0,0
323,510,0
143,530,0
0,0,0
328,530,0
0,0,0
45,490,0
0,0,0
235,530,0
0,0,0
0,0,0
0,0,0
311,450,0
0,0,0
0,0,0
0,0,0
227,490,0
0,0,0
0,0,0
277,530,0
32,450,0
0,0,0
0,0,0
0,0,0
140,490,0
0,0,0
0,0,0
0,0,0
0,0,0
259,550,0
69,550,0
0,0,0
0,0,0
0,0,0
0,0,0
0,0,0
0,0,0
0,0,0
70,490,0
0,0,0
208,530,0
0,0,0
0,0,0
0,0,0
0,0,0
77,490,0
0,0,0
350,510,0
0,0,0
386,470,0
0,0,0
5,450,0
0,0,0
0,0,0
0,0,0
0,0,0
0,0,0
0,0,0
160,550,0
0,0,0
0,0,0
0,0,0
0,0,0
0,0,0
15,490,0
0,0,0
0,0,0
0,0,0
0,0,0
0,0,0
27,550,0
0,0,0
51,470,0
0,0,0
145,530,0
288,450,0
0,0,0
0,0,0
0,0,0
0,0,0
0,0,0
0,0,0
158,530,0
0,0,0
0,0,0
0,0,0
349,450,0
0,0,0
0,0,0
0,0,0
0,0,0
374,470,0
0,0,0
0,0,0
0,0,0
0,0,0
0,0,0
0,0,0
298,510,0
0,0,0
0,0,0
0,0,0
0,0,0
0,0,0
0,0,0
0,0,0
250,550,0
0,0,0
0,0,0
192,450,0
111,510,0
0,0,0
0,0,0
0,0,0
0,0,0
0,0,0
87,530,0
93,510,0
390,490,0
0,0,0
0,0,0
0,0,0
0,0,0
0,0,0
165,470,0
0,0,0
0,0,0
252,450,0
0,0,0
0,0,0
0,0,0
0,0,0
0,0,0
0,0,0
0,0,0
200,530,0
0,0,0
0,0,0
296,490,0
0,0,0
127,470,0
28,490,0
0,0,0
0,0,0
0,0,0
0,0,0
0,0,0
0,0,0
0,0,0
0,0,0
41,550,0
345,450,0
0,0,0
233,450,0
0,0,0
0,0,0
0,0,0
0,0,0
0,0,0
0,0,0
0,0,0
0,0,0
0,0,0
0,0,0
146,530,0
76,550,0
0,0,0
17,490,0
0,0,0
0,0,0
0,0,0
0,0,0
0,0,0
0,0,0
0,0,0
0,0,0
0,0,0
215,490,0
102,530,0
0,0,0
0,0,0
0,0,0
0,0,0
0,0,0
336,510,0
0,0,0
115,450,0
114,490,0
0,0,0
0,0,0
370,510,0
0,0,0
0,0,0
0,0,0
0,0,0
0,0,0
352,470,0
197,510,0
0,0,0
376,490,0
0,0,0
0,0,0
0,0,0
0,0,0
0,0,0
183,510,0
0,0,0
0,0,0
0,0,0
377,550,0
0,0,0
0,0,0
394,550,0
268,490,0
0,0,0
39,530,0
0,0,0
0,0,0
0,0,0
116,530,0
0,0,0
0,0,0
279,550,0
59,530,0
0,0,0
0,0,0
0,0,0
216,510,0
0,0,0
243,450,0
0,0,0
0,0,0
226,450,0
0,0,0
116,490,0
374,490,0
284,510,0
0,0,0
0,0,0
0,0,0
380,530,0
58,530,0
0,0,0
0,0,0
0,0,0
71,490,0
0,0,0
200,470,0
0,0,0
0,0,0
0,0,0
80,530,0
0,0,0
0,0,0
229,470,0
0,0,0
0,0,0
0,0,0
0,0,0
60,470,0
0,0,0
0,0,0
0,0,0
219,470,0
0,0,0
0,0,0
337,530,0
0,0,0
151,530,0
0,0,0
0,0,0
0,0,0
3,550,0
26,510,0
307,490,0
0,0,0
0,0,0
0,0,0
0,0,0
0,0,0
368,450,0
0,0,0
175,550,0
0,0,0
0,0,0
0,0,0
0,0,0
0,0,0
0,0,0
0,0,0
0,0,0
0,0,0
0,0,0
253,530,0
0,0,0
392,530,0
213,530,0
0,0,0
0,0,0
372,550,0
286,490,0
0,0,0
0,0,0
276,510,0
0,0,0
0,0,0
96,490,0
0,0,0
0,0,0
0,0,0
0,0,0
0,0,0
0,0,0
0,0,0
332,490,0
222,450,0
0,0,0
0,0,0
0,0,0
86,530,0
0,0,0
0,0,0
0,0,0
364,450,0
0,0,0
0,0,0
0,0,0
0,0,0
0,0,0
0,0,0
0,0,0
0,0,0
0,0,0
0,0,0
377,490,0
0,0,0
0,0,0
189,530,0
0,0,0
0,0,0
0,0,0
149,510,0
70,450,0
210,490,0
248,450,0
0,0,0
354,490,0
32,510,0
149,490,0
49,470,0
0,0,0
249,490,0
0,0,0
163,450,0
0,0,0
1,470,0
297,490,0
24,510,0
0,0,0
0,0,0
0,0,0
67,450,0
0,0,0
176,530,0
0,0,0
0,0,0
0,0,0
0,0,0
0,0,0
167,550,0
316,530,0
0,0,0
0,0,0
14,550,0
0,0,0
0,0,0
169,510,0
357,510,0
0,0,0
0,0,0
305,470,0
0,0,0
0,0,0
0,0,0
65,450,0
0,0,0
0,0,0
159,530,0
366,550,0
0,0,0
0,0,0
0,0,0
0,0,0
63,510,0
0,0,0
0,0,0
0,0,0
0,0,0
0,0,0
92,450,0
22,450,0
0,0,0
0,0,0
0,0,0
0,0,0
0,0,0
83,490,0
229,510,0
0,0,0
0,0,0
391,470,0
0,0,0
0,0,0
181,450,0
294,490,0
0,0,0
0,0,0
226,490,0
394,470,0
0,0,0
0,0,0
0,0,0
0,0,0
0,0,0
0,0,0
0,0,0
0,0,0
0,0,0
108,470,0
0,0,0
0,0,0
0,0,0
145,510,0
0,0,0
0,0,0
0,0,0
0,0,0
373,450,0
0,0,0
172,530,0
0,0,0
379,450,0
0,0,0
0,0,0
0,0,0
0,0,0
0,0,0
0,0,0
0,0,0
0,0,0
0,0,0
304,550,0
47,550,0
0,0,0
0,0,0
0,0,0
0,0,0
0,0,0
0,0,0
0,0,0
0,0,0
0,0,0
95,470,0
0,0,0
0,0,0
0,0,0
0,0,0
0,0,0
0,0,0
0,0,0
0,0,0
0,0,0
0,0,0
0,0,0
0,0,0
0,0,0
0,0,0
394,490,0
0,0,0
193,470,0
0,0,0
53,470,0
0,0,0
0,0,0
0,0,0
0,0,0
22,510,0
0,0,0
0,0,0
308,450,0
0,0,0
11,550,0
0,0,0
0,0,0
0,0,0
0,0,0
0,0,0
0,0,0
0,0,0
0,0,0
0,0,0
0,0,0
120,490,0
0,0,0
0,0,0
0,0,0
156,530,0
0,0,0
0,0,0
382,510,0
323,530,0
0,0,0
0,0,0
33,490,0
0,0,0
259,510,0
0,0,0
0,0,0
0,0,0
0,0,0
0,0,0
126,470,0
138,510,0
341,470,0
0,0,0
0,0,0
308,550,0
0,0,0
0,0,0
196,450,0
0,0,0
131,450,0
0,0,0
0,0,0
0,0,0
0,0,0
336,450,0
0,0,0
0,0,0
0,0,0
248,490,0
378,490,0
381,470,0
0,0,0
470,450,1
22,470,0
0,0,0
0,0,0
0,0,0
365,510,0
0,0,0
274,450,0
389,550,0
318,510,0
0,0,0
273,490,0
205,470,0
153,510,0
0,0,0
0,0,0
0,0,0
31,550,0
19,530,0
0,0,0
0,0,0
0,0,0
258,450,0
0,0,0
0,0,0
0,0,0
0,0,0
0,0,0
0,0,0
0,0,0
0,0,0
0,0,0
0,0,0
0,0,0
0,0,0
155,550,0
0,0,0
0,0,0
228,510,0
0,0,0
370,450,0
390,470,0
89,450,0
357,470,0
0,0,0
0,0,0
0,0,0
0,0,0
0,0,0
0,0,0
324,510,0
0,0,0
0,0,0
0,0,0
191,470,0
324,530,0
0,0,0
0,0,0
0,0,0
395,550,0
0,0,0
0,0,0
0,0,0
68,510,0
0,0,0
0,0,0
300,490,0
286,450,0
0,0,0
41,530,0
57,510,0
0,0,0
0,0,0
0,0,0
0,0,0
0,0,0
0,0,0
0,0,0
0,0,0
0,0,0
0,0,0
50,510,0
349,510,0
353,530,0
123,490,0
0,0,0
95,550,0
0,0,0
0,0,0
0,0,0
0,0,0
0,0,0
0,0,0
241,490,0
0,0,0
0,0,0
0,0,0
0,0,0
318,450,0
0,0,0
0,0,0
0,0,0
0,0,0
0,0,0
0,0,0
0,0,0
0,0,0
0,0,0
0,0,0
0,0,0
0,0,0
0,0,0
0,0,0
0,0,0
0,0,0
63,450,0
0,0,0
0,0,0
0,0,0
0,0,0
0,0,0
0,0,0
0,0,0
166,450,0
0,0,0
13,470,0
8,510,0
205,490,0
0,0,0
327,550,0
66,530,0
89,530,0
339,470,0
0,0,0
210,450,0
0,0,0
0,0,0
393,530,0
329,450,0
0,0,0
0,0,0
0,0,0
0,0,0
162,510,0
0,0,0
115,470,0
0,0,0
2,450,0
156,550,0
275,510,0
0,0,0
0,0,0
334,510,0
0,0,0
387,530,0
0,0,0
0,0,0
290,490,0
316,550,0
0,0,0
271,450,0
0,0,0
0,0,0
202,530,0
0,0,0
0,0,0
288,490,0
251,530,0
0,0,0
0,0,0
0,0,0
0,0,0
0,0,0
0,0,0
0,0,0
0,0,0
305,510,0
0,0,0
0,0,0
0,0,0
0,0,0
0,0,0
309,470,0
0,0,0
0,0,0
31,510,0
0,0,0
0,0,0
316,490,0
0,0,0
0,0,0
175,470,0
0,0,0
0,0,0
36,490,0
0,0,0
0,0,0
0,0,0
0,0,0
0,0,0
384,550,0
176,470,0
51,510,0
0,0,0
0,0,0
0,0,0
341,530,0
0,0,0
0,0,0
0,0,0
126,450,0
0,0,0
0,0,0
0,0,0
0,0,0
149,550,0
0,0,0
0,0,0
0,0,0
249,450,0
0,0,0
70,510,0
342,530,0
387,470,0
0,0,0
0,0,0
0,0,0
490,550,1
271,530,0
0,0,0
334,530,0
0,0,0
0,0,0
0,0,0
0,0,0
0,0,0
0,0,0
0,0,0
389,510,0
86,490,0
0,0,0
253,470,0
0,0,0
0,0,0
0,0,0
2,510,0
0,0,0
0,0,0
0,0,0
153,450,0
0,0,0
0,0,0
0,0,0
0,0,0
74,510,0
0,0,0
0,0,0
0,0,0
0,0,0
230,550,0
0,0,0
0,0,0
0,0,0
144,510,0
69,470,0
0,0,0
0,0,0
350,530,0
200,550,0
0,0,0
0,0,0
0,0,0
0,0,0
48,530,0
0,0,0
0,0,0
0,0,0
0,0,0
0,0,0
201,550,0
0,0,0
0,0,0
0,0,0
0,0,0
0,0,0
17,530,0
0,0,0
0,0,0
126,510,0
0,0,0
326,510,0
0,0,0
0,0,0
67,490,0
0,0,0
0,0,0
0,0,0
0,0,0
0,0,0
0,0,0
0,0,0
0,0,0
0,0,0
0,0,0
0,0,0
0,0,0
0,0,0
107,510,0
0,0,0
350,450,0
0,0,0
0,0,0
0,0,0
0,0,0
0,0,0
0,0,0
0,0,0
0,0,0
400,470,0
0,0,0
0,0,0
0,0,0
0,0,0
0,0,0
0,0,0
169,530,0
0,0,0
333,450,0
0,0,0
0,0,0
302,530,0
0,0,0
0,0,0
0,0,0
0,0,0
0,0,0
0,0,0
231,530,0
0,0,0
0,0,0
0,0,0
319,450,0
0,0,0
0,0,0
0,0,0
0,0,0
72,470,0
0,0,0
0,0,0
0,0,0
0,0,0
0,0,0
17,450,0
0,0,0
128,510,0
0,0,0
157,470,0
340,550,0
0,0,0
0,0,0
198,470,0
0,0,0
0,0,0
0,0,0
0,0,0
0,0,0
177,530,0
0,0,0
0,0,0
19,490,0
109,530,0
349,470,0
0,0,0
0,0,0
314,510,0
369,470,0
0,0,0
0,0,0
0,0,0
0,0,0
0,0,0
0,0,0
0,0,0
369,450,0
0,0,0
0,0,0
191,490,0
45,530,0
0,0,0
0,0,0
0,0,0
0,0,0
0,0,0
0,0,0
0,0,0
0,0,0
0,0,0
0,0,0
308,510,0
0,0,0
0,0,0
0,0,0
242,490,0
0,0,0
0,0,0
0,0,0
0,0,0
0,0,0
0,0,0
300,450,0
0,0,0
0,0,0
0,0,0
354,450,0
0,0,0
0,0,0
0,0,0
266,510,0
550,530,1
352,450,0
0,0,0
0,0,0
0,0,0
0,0,0
368,510,0
0,0,0
0,0,0
102,550,0
0,0,0
0,0,0
365,530,0
0,0,0
0,0,0
157,530,0
0,0,0
100,530,0
0,0,0
0,0,0
34,510,0
0,0,0
0,0,0
161,550,0
0,0,0
0,0,0
0,0,0
0,0,0
15,550,0
0,0,0
0,0,0
0,0,0
319,550,0
153,550,0
0,0,0
233,530,0
262,550,0
0,0,0
357,450,0
0,0,0
0,0,0
530,470,1
38,550,0
0,0,0
284,490,0
0,0,0
14,510,0
75,490,0
0,0,0
0,0,0
0,0,0
22,530,0
0,0,0
0,0,0
400,510,0
0,0,0
0,0,0
16,450,0
299,530,0
0,0,0
0,0,0
0,0,0
0,0,0
0,0,0
122,550,0
324,470,0
0,0,0
289,450,0
0,0,0
207,510,0
0,0,0
301,490,0
249,470,0
0,0,0
137,490,0
0,0,0
0,0,0
0,0,0
0,0,0
331,530,0
0,0,0
0,0,0
13,510,0
0,0,0
111,550,0
0,0,0
155,490,0
30,510,0
40,510,0
0,0,0
0,0,0
0,0,0
0,0,0
0,0,0
207,490,0
177,470,0
273,550,0
252,550,0
0,0,0
80,510,0
0,0,0
0,0,0
223,530,0
286,530,0
0,0,0
0,0,0
0,0,0
0,0,0
0,0,0
0,0,0
0,0,0
0,0,0
0,0,0
0,0,0
0,0,0
0,0,0
0,0,0
0,0,0
102,490,0
0,0,0
0,0,0
0,0,0
0,0,0
0,0,0
85,470,0
0,0,0
0,0,0
347,490,0
381,490,0
0,0,0
0,0,0
0,0,0
105,510,0
0,0,0
0,0,0
0,0,0
110,510,0
0,0,0
0,0,0
0,0,0
0,0,0
0,0,0
0,0,0
0,0,0
375,550,0
0,0,0
367,550,0
0,0,0
253,450,0
0,0,0
0,0,0
0,0,0
0,0,0
121,450,0
0,0,0
369,490,0
0,0,0
0,0,0
60,510,0
0,0,0
326,490,0
0,0,0
371,470,0
0,0,0
321,470,0
0,0,0
0,0,0
0,0,0
48,550,0
0,0,0
238,530,0
8,470,0
43,550,0
0,0,0
0,0,0
328,490,0
0,0,0
0,0,0
0,0,0
263,490,0
0,0,0
0,0,0
118,490,0
0,0,0
0,0,0
0,0,0
277,550,0
0,0,0
0,0,0
0,0,0
0,0,0
0,0,0
0,0,0
0,0,0
0,0,0
85,530,0
233,470,0
0,0,0
0,0,0
0,0,0
0,0,0
0,0,0
201,530,0
0,0,0
0,0,0
297,510,0
0,0,0
392,490,0
0,0,0
0,0,0
0,0,0
0,0,0
0,0,0
0,0,0
0,0,0
0,0,0
0,0,0
0,0,0
0,0,0
0,0,0
5,470,0
0,0,0
0,0,0
0,0,0
0,0,0
0,0,0
0,0,0
192,490,0
0,0,0
0,0,0
0,0,0
0,0,0
0,0,0
132,470,0
0,0,0
0,0,0
262,530,0
0,0,0
345,510,0
0,0,0
174,530,0
0,0,0
0,0,0
0,0,0
0,0,0
0,0,0
382,490,0
0,0,0
152,490,0
0,0,0
264,470,0
0,0,0
160,450,0
0,0,0
0,0,0
268,510,0
349,530,0
0,0,0
0,0,0
0,0,0
0,0,0
0,0,0
0,0,0
0,0,0
0,0,0
24,450,0
0,0,0
0,0,0
0,0,0
199,530,0
361,470,0
237,530,0
0,0,0
0,0,0
0,0,0
0,0,0
0,0,0
0,0,0
0,0,0
0,0,0
334,450,0
0,0,0
190,490,0
0,0,0
0,0,0
0,0,0
0,0,0
272,510,0
0,0,0
233,510,0
0,0,0
0,0,0
0,0,0
136,490,0
0,0,0
304,530,0
0,0,0
0,0,0
248,530,0
0,0,0
0,0,0
246,550,0
300,550,0
0,0,0
0,0,0
0,0,0
318,530,0
119,470,0
0,0,0
0,0,0
0,0,0
0,0,0
0,0,0
294,510,0
0,0,0
0,0,0
0,0,0
36,550,0
0,0,0
0,0,0
227,470,0
0,0,0
0,0,0
0,0,0
0,0,0
0,0,0
0,0,0
101,550,0
317,550,0
0,0,0
0,0,0
150,490,0
0,0,0
188,510,0
0,0,0
0,0,0
0,0,0
0,0,0
0,0,0
0,0,0
0,0,0
274,470,0
317,530,0
0,0,0
189,490,0
0,0,0
143,470,0
0,0,0
0,0,0
0,0,0
0,0,0
0,0,0
204,550,0
0,0,0
0,0,0
0,0,0
265,490,0
0,0,0
0,0,0
9,550,0
0,0,0
0,0,0
0,0,0
18,470,0
0,0,0
0,0,0
0,0,0
0,0,0
0,0,0
157,490,0
0,0,0
0,0,0
0,0,0
0,0,0
0,0,0
51,550,0
0,0,0
0,0,0
0,0,0
228,530,0
292,490,0
0,0,0
0,0,0
0,0,0
0,0,0
0,0,0
223,450,0
0,0,0
0,0,0
0,0,0
2,550,0
0,0,0
241,450,0
0,0,0
105,530,0
0,0,0
0,0,0
0,0,0
0,0,0
0,0,0
56,450,0
0,0,0
0,0,0
0,0,0
0,0,0
378,470,0
0,0,0
0,0,0
0,0,0
0,0,0
0,0,0
311,530,0
0,0,0
0,0,0
0,0,0
0,0,0
0,0,0
0,0,0
0,0,0
0,0,0
0,0,0
0,0,0
0,0,0
0,0,0
0,0,0
0,0,0
0,0,0
0,0,0
0,0,0
0,0,0
0,0,0
0,0,0
0,0,0
0,0,0
0,0,0
26,490,0
93,490,0
0,0,0
0,0,0
0,0,0
0,0,0
0,0,0
383,550,0
221,450,0
0,0,0
0,0,0
23,550,0
0,0,0
0,0,0
380,510,0
38,470,0
292,510,0
10,550,0
16,470,0
0,0,0
0,0,0
0,0,0
0,0,0
180,530,0
0,0,0
530,510,1
0,0,0
341,450,0
217,450,0
280,530,0
0,0,0
0,0,0
0,0,0
0,0,0
0,0,0
201,490,0
0,0,0
0,0,0
189,550,0
0,0,0
12,490,0
0,0,0
0,0,0
0,0,0
395,510,0
230,470,0
138,550,0
0,0,0
0,0,0
0,0,0
0,0,0
0,0,0
0,0,0
0,0,0
0,0,0
46,550,0
125,510,0
0,0,0
282,530,0
185,490,0
0,0,0
510,450,1
0,0,0
287,550,0
0,0,0
395,490,0
224,450,0
0,0,0
123,450,0
0,0,0
251,470,0
0,0,0
0,0,0
259,490,0
137,510,0
0,0,0
0,0,0
0,0,0
0,0,0
0,0,0
194,550,0
136,470,0
0,0,0
0,0,0
0,0,0
0,0,0
0,0,0
216,450,0
0,0,0
276,550,0
110,490,0
0,0,0
0,0,0
0,0,0
0,0,0
0,0,0
328,550,0
39,490,0
30,530,0
0,0,0
0,0,0
0,0,0
298,450,0
47,490,0
83,510,0
0,0,0
185,510,0
0,0,0
0,0,0
0,0,0
333,490,0
0,0,0
0,0,0
0,0,0
0,0,0
0,0,0
47,510,0
0,0,0
0,0,0
0,0,0
0,0,0
384,530,0
0,0,0
0,0,0
0,0,0
281,530,0
0,0,0
0,0,0
0,0,0
0,0,0
252,530,0
0,0,0
0,0,0
361,490,0
0,0,0
0,0,0
58,510,0
0,0,0
0,0,0
267,450,0
0,0,0
0,0,0
101,450,0
26,450,0
102,450,0
0,0,0
48,470,0
0,0,0
0,0,0
0,0,0
0,0,0
0,0,0
0,0,0
330,530,0
0,0,0
0,0,0
0,0,0
125,490,0
275,530,0
65,510,0
0,0,0
396,550,0
202,550,0
0,0,0
0,0,0
0,0,0
0,0,0
0,0,0
0,0,0
137,530,0
33,450,0
0,0,0
0,0,0
0,0,0
0,0,0
0,0,0
306,450,0
0,0,0
0,0,0
373,470,0
0,0,0
0,0,0
203,470,0
0,0,0
0,0,0
0,0,0
0,0,0
0,0,0
0,0,0
191,530,0
0,0,0
0,0,0
0,0,0
261,470,0
0,0,0
217,530,0
0,0,0
0,0,0
374,510,0
0,0,0
0,0,0
0,0,0
0,0,0
0,0,0
0,0,0
0,0,0
141,530,0
0,0,0
242,510,0
101,530,0
0,0,0
153,490,0
60,450,0
0,0,0
0,0,0
147,550,0
0,0,0
0,0,0
305,530,0
0,0,0
0,0,0
0,0,0
0,0,0
306,550,0
311,470,0
0,0,0
0,0,0
48,510,0
0,0,0
0,0,0
0,0,0
0,0,0
0,0,0
12,450,0
0,0,0
0,0,0
0,0,0
0,0,0
54,530,0
33,510,0
0,0,0
35,550,0
0,0,0
0,0,0
258,490,0
0,0,0
0,0,0
0,0,0
0,0,0
0,0,0
0,0,0
0,0,0
0,0,0
0,0,0
0,0,0
0,0,0
0,0,0
0,0,0
0,0,0
0,0,0
208,470,0
360,450,0
0,0,0
0,0,0
0,0,0
0,0,0
0,0,0
299,490,0
169,550,0
0,0,0
124,530,0
0,0,0
282,450,0
2,530,0
0,0,0
175,450,0
0,0,0
160,470,0
0,0,0
0,0,0
0,0,0
103,530,0
0,0,0
0,0,0
0,0,0
0,0,0
49,450,0
197,550,0
361,510,0
0,0,0
170,510,0
362,470,0
0,0,0
0,0,0
86,450,0
0,0,0
0,0,0
0,0,0
0,0,0
0,0,0
116,550,0
361,550,0
57,490,0
0,0,0
0,0,0
0,0,0
359,490,0
0,0,0
155,470,0
0,0,0
0,0,0
0,0,0
470,490,1
0,0,0
0,0,0
0,0,0
0,0,0
0,0,0
0,0,0
0,0,0
32,490,0
0,0,0
0,0,0
287,490,0
0,0,0
0,0,0
0,0,0
120,550,0
269,450,0
283,450,0
0,0,0
0,0,0
94,470,0
152,450,0
231,510,0
0,0,0
0,0,0
0,0,0
0,0,0
0,0,0
355,510,0
0,0,0
0,0,0
390,530,0
0,0,0
118,450,0
131,490,0
0,0,0
6,490,0
292,450,0
265,530,0
0,0,0
0,0,0
0,0,0
0,0,0
0,0,0
0,0,0
0,0,0
0,0,0
59,510,0
0,0,0
121,470,0
0,0,0
154,450,0
0,0,0
159,490,0
0,0,0
188,530,0
0,0,0
0,0,0
0,0,0
358,510,0
135,450,0
205,530,0
0,0,0
0,0,0
0,0,0
256,510,0
107,450,0
32,530,0
0,0,0
295,450,0
0,0,0
375,450,0
0,0,0
0,0,0
0,0,0
194,470,0
0,0,0
359,470,0
55,470,0
199,550,0
0,0,0
0,0,0
0,0,0
205,510,0
12,470,0
0,0,0
295,530,0
0,0,0
209,550,0
0,0,0
0,0,0
46,530,0
343,530,0
0,0,0
0,0,0
74,490,0
0,0,0
194,450,0
4,450,0
0,0,0
184,490,0
0,0,0
0,0,0
0,0,0
367,510,0
0,0,0
0,0,0
0,0,0
0,0,0
0,0,0
0,0,0
34,550,0
0,0,0
308,470,0
165,530,0
0,0,0
0,0,0
0,0,0
230,530,0
0,0,0
0,0,0
0,0,0
208,450,0
73,450,0
0,0,0
0,0,0
0,0,0
192,550,0
0,0,0
0,0,0
0,0,0
238,450,0
0,0,0
0,0,0
0,0,0
0,0,0
33,550,0
0,0,0
85,550,0
0,0,0
0,0,0
0,0,0
305,450,0
0,0,0
0,0,0
0,0,0
0,0,0
0,0,0
0,0,0
0,0,0
0,0,0
0,0,0
0,0,0
0,0,0
0,0,0
0,0,0
21,450,0
319,510,0
248,510,0
179,490,0
0,0,0
0,0,0
0,0,0
0,0,0
0,0,0
0,0,0
206,550,0
168,530,0
0,0,0
0,0,0
0,0,0
145,550,0
314,470,0
110,470,0
0,0,0
259,530,0
154,470,0
0,0,0
0,0,0
0,0,0
0,0,0
66,490,0
0,0,0
247,490,0
381,510,0
0,0,0
0,0,0
0,0,0
10,470,0
0,0,0
0,0,0
0,0,0
0,0,0
0,0,0
7,510,0
0,0,0
0,0,0
0,0,0
0,0,0
0,0,0
128,530,0
127,450,0
0,0,0
0,0,0
0,0,0
0,0,0
0,0,0
0,0,0
0,0,0
0,0,0
386,510,0
0,0,0
16,510,0
0,0,0
0,0,0
0,0,0
338,490,0
0,0,0
0,0,0
254,470,0
0,0,0
0,0,0
0,0,0
0,0,0
0,0,0
212,450,0
0,0,0
318,470,0
0,0,0
54,510,0
0,0,0
0,0,0
0,0,0
353,450,0
0,0,0
351,450,0
0,0,0
250,470,0
0,0,0
0,0,0
0,0,0
99,450,0
0,0,0
0,0,0
0,0,0
108,530,0
0,0,0
0,0,0
285,530,0
343,450,0
293,510,0
0,0,0
0,0,0
0,0,0
0,0,0
0,0,0
0,0,0
0,0,0
0,0,0
0,0,0
0,0,0
0,0,0
0,0,0
0,0,0
0,0,0
60,490,0
0,0,0
340,510,0
182,530,0
0,0,0
54,550,0
0,0,0
104,510,0
0,0,0
0,0,0
0,0,0
0,0,0
530,490,1
0,0,0
97,470,0
0,0,0
0,0,0
35,510,0
200,510,0
0,0,0
0,0,0
8,550,0
0,0,0
0,0,0
388,530,0
0,0,0
0,0,0
0,0,0
0,0,0
0,0,0
0,0,0
0,0,0
97,510,0
378,510,0
0,0,0
0,0,0
0,0,0
241,550,0
0,0,0
134,550,0
0,0,0
0,0,0
0,0,0
0,0,0
79,550,0
0,0,0
260,550,0
0,0,0
0,0,0
0,0,0
0,0,0
0,0,0
0,0,0
394,510,0
0,0,0
0,0,0
0,0,0
0,0,0
273,450,0
117,490,0
0,0,0
0,0,0
270,450,0
0,0,0
0,0,0
0,0,0
367,470,0
0,0,0
0,0,0
0,0,0
0,0,0
313,490,0
186,530,0
0,0,0
0,0,0
219,490,0
332,530,0
0,0,0
0,0,0
11,530,0
0,0,0
0,0,0
0,0,0
0,0,0
358,470,0
0,0,0
0,0,0
329,550,0
392,450,0
153,530,0
0,0,0
0,0,0
0,0,0
0,0,0
0,0,0
158,550,0
0,0,0
0,0,0
0,0,0
209,510,0
0,0,0
337,510,0
0,0,0
0,0,0
205,450,0
56,470,0
0,0,0
0,0,0
0,0,0
213,450,0
113,530,0
0,0,0
0,0,0
37,530,0
315,470,0
0,0,0
0,0,0
0,0,0
0,0,0
0,0,0
303,530,0
57,470,0
0,0,0
0,0,0
0,0,0
0,0,0
0,0,0
211,530,0
0,0,0
0,0,0
17,510,0
345,490,0
0,0,0
0,0,0
394,530,0
0,0,0
0,0,0
0,0,0
383,490,0
145,470,0
358,450,0
215,450,0
0,0,0
258,470,0
0,0,0
0,0,0
363,470,0
0,0,0
293,530,0
0,0,0
0,0,0
0,0,0
0,0,0
0,0,0
0,0,0
0,0,0
365,490,0
0,0,0
269,490,0
0,0,0
176,550,0
0,0,0
0,0,0
0,0,0
0,0,0
0,0,0
0,0,0
0,0,0
93,450,0
132,550,0
0,0,0
0,0,0
0,0,0
0,0,0
0,0,0
41,450,0
0,0,0
0,0,0
0,0,0
0,0,0
92,470,0
0,0,0
28,550,0
383,510,0
0,0,0
0,0,0
0,0,0
41,470,0
304,450,0
59,450,0
0,0,0
233,550,0
125,550,0
172,470,0
0,0,0
31,530,0
0,0,0
0,0,0
0,0,0
0,0,0
0,0,0
112,490,0
0,0,0
0,0,0
0,0,0
0,0,0
290,550,0
0,0,0
0,0,0
0,0,0
70,470,0
0,0,0
213,470,0
365,550,0
0,0,0
0,0,0
0,0,0
0,0,0
0,0,0
0,0,0
0,0,0
103,510,0
0,0,0
115,530,0
0,0,0
0,0,0
0,0,0
0,0,0
0,0,0
0,0,0
0,0,0
172,450,0
0,0,0
302,450,0
0,0,0
0,0,0
299,450,0
345,470,0
0,0,0
0,0,0
0,0,0
0,0,0
0,0,0
331,510,0
0,0,0
172,490,0
0,0,0
0,0,0
72,550,0
0,0,0
378,550,0
0,0,0
0,0,0
255,550,0
0,0,0
0,0,0
0,0,0
0,0,0
0,0,0
0,0,0
7,530,0
0,0,0
90,450,0
0,0,0
530,450,1
0,0,0
0,0,0
0,0,0
0,0,0
239,510,0
0,0,0
0,0,0
0,0,0
0,0,0
0,0,0
0,0,0
119,450,0
0,0,0
0,0,0
0,0,0
0,0,0
0,0,0
312,450,0
204,530,0
161,490,0
9,450,0
0,0,0
379,510,0
0,0,0
265,470,0
0,0,0
0,0,0
0,0,0
58,470,0
0,0,0
222,470,0
0,0,0
0,0,0
0,0,0
354,530,0
143,550,0
262,490,0
22,490,0
0,0,0
0,0,0
0,0,0
0,0,0
0,0,0
0,0,0
0,0,0
241,510,0
398,490,0
0,0,0
0,0,0
0,0,0
0,0,0
188,490,0
0,0,0
0,0,0
0,0,0
29,470,0
0,0,0
0,0,0
0,0,0
336,530,0
0,0,0
0,0,0
0,0,0
0,0,0
171,550,0
0,0,0
0,0,0
0,0,0
0,0,0
327,450,0
0,0,0
0,0,0
195,470,0
285,450,0
0,0,0
119,550,0
0,0,0
325,450,0
0,0,0
0,0,0
0,0,0
0,0,0
44,490,0
0,0,0
0,0,0
315,450,0
0,0,0
0,0,0
0,0,0
129,490,0
190,470,0
167,490,0
0,0,0
265,510,0
0,0,0
0,0,0
0,0,0
0,0,0
0,0,0
0,0,0
0,0,0
206,510,0
0,0,0
129,470,0
0,0,0
342,470,0
200,490,0
0,0,0
82,450,0
0,0,0
0,0,0
0,0,0
0,0,0
0,0,0
0,0,0
0,0,0
0,0,0
274,490,0
0,0,0
0,0,0
96,550,0
0,0,0
208,550,0
0,0,0
0,0,0
391,510,0
0,0,0
0,0,0
0,0,0
64,490,0
0,0,0
156,510,0
0,0,0
0,0,0
0,0,0
0,0,0
298,530,0
0,0,0
0,0,0
0,0,0
302,550,0
170,490,0
234,550,0
252,510,0
0,0,0
194,510,0
0,0,0
0,0,0
0,0,0
0,0,0
0,0,0
278,510,0
252,490,0
0,0,0
365,470,0
0,0,0
0,0,0
181,490,0
56,530,0
0,0,0
0,0,0
34,470,0
0,0,0
0,0,0
0,0,0
0,0,0
0,0,0
0,0,0
301,530,0
0,0,0
0,0,0
0,0,0
275,470,0
0,0,0
351,510,0
400,490,0
0,0,0
133,510,0
0,0,0
0,0,0
310,530,0
0,0,0
166,550,0
294,450,0
167,530,0
0,0,0
0,0,0
196,490,0
0,0,0
0,0,0
0,0,0
391,530,0
0,0,0
232,490,0
0,0,0
0,0,0
364,530,0
0,0,0
0,0,0
0,0,0
0,0,0
0,0,0
267,490,0
0,0,0
0,0,0
98,510,0
0,0,0
0,0,0
4,550,0
0,0,0
0,0,0
263,510,0
0,0,0
0,0,0
0,0,0
0,0,0
0,0,0
171,470,0
0,0,0
293,490,0
0,0,0
0,0,0
0,0,0
363,510,0
0,0,0
0,0,0
0,0,0
114,510,0
234,530,0
0,0,0
0,0,0
0,0,0
0,0,0
0,0,0
0,0,0
0,0,0
195,450,0
250,450,0
0,0,0
0,0,0
236,550,0
0,0,0
0,0,0
0,0,0
0,0,0
303,450,0
0,0,0
0,0,0
0,0,0
0,0,0
387,450,0
0,0,0
0,0,0
0,0,0
246,470,0
0,0,0
0,0,0
67,550,0
0,0,0
0,0,0
0,0,0
0,0,0
0,0,0
0,0,0
0,0,0
0,0,0
224,550,0
10,450,0
0,0,0
0,0,0
0,0,0
0,0,0
93,470,0
0,0,0
203,530,0
0,0,0
0,0,0
0,0,0
0,0,0
0,0,0
0,0,0
0,0,0
0,0,0
0,0,0
87,450,0
259,450,0
184,530,0
78,510,0
0,0,0
0,0,0
400,450,0
383,450,0
0,0,0
123,510,0
0,0,0
304,470,0
0,0,0
0,0,0
387,490,0
239,490,0
0,0,0
347,510,0
0,0,0
0,0,0
292,530,0
0,0,0
0,0,0
0,0,0
0,0,0
0,0,0
0,0,0
0,0,0
0,0,0
0,0,0
0,0,0
0,0,0
0,0,0
0,0,0
0,0,0
0,0,0
0,0,0
0,0,0
0,0,0
0,0,0
0,0,0
0,0,0
21,530,0
0,0,0
0,0,0
163,490,0
0,0,0
244,530,0
0,0,0
0,0,0
0,0,0
0,0,0
0,0,0
0,0,0
0,0,0
0,0,0
0,0,0
151,450,0
0,0,0
0,0,0
0,0,0
0,0,0
0,0,0
6,470,0
0,0,0
0,0,0
0,0,0
0,0,0
62,490,0
0,0,0
0,0,0
0,0,0
231,450,0
0,0,0
26,550,0
0,0,0
0,0,0
0,0,0
295,470,0
0,0,0
128,550,0
0,0,0
0,0,0
0,0,0
62,530,0
0,0,0
0,0,0
211,510,0
0,0,0
0,0,0
287,510,0
0,0,0
0,0,0
175,490,0
0,0,0
0,0,0
310,490,0
0,0,0
0,0,0
289,470,0
0,0,0
19,470,0
0,0,0
0,0,0
0,0,0
214,490,0
0,0,0
0,0,0
56,490,0
26,470,0
0,0,0
0,0,0
0,0,0
0,0,0
0,0,0
0,0,0
0,0,0
0,0,0
320,450,0
0,0,0
0,0,0
0,0,0
385,530,0
0,0,0
0,0,0
0,0,0
0,0,0
0,0,0
0,0,0
0,0,0
0,0,0
0,0,0
0,0,0
0,0,0
0,0,0
0,0,0
0,0,0
0,0,0
120,470,0
0,0,0
0,0,0
0,0,0
146,470,0
293,550,0
261,550,0
28,470,0
324,550,0
142,450,0
346,490,0
29,510,0
0,0,0
0,0,0
81,550,0
185,550,0
0,0,0
0,0,0
117,470,0
0,0,0
0,0,0
238,470,0
0,0,0
0,0,0
0,0,0
377,470,0
0,0,0
0,0,0
0,0,0
0,0,0
0,0,0
0,0,0
88,470,0
0,0,0
0,0,0
0,0,0
0,0,0
0,0,0
50,550,0
0,0,0
0,0,0
261,490,0
114,530,0
0,0,0
0,0,0
287,450,0
0,0,0
0,0,0
0,0,0
0,0,0
0,0,0
293,470,0
313,450,0
0,0,0
0,0,0
54,470,0
298,550,0
0,0,0
0,0,0
0,0,0
0,0,0
0,0,0
0,0,0
0,0,0
0,0,0
0,0,0
0,0,0
388,550,0
0,0,0
0,0,0
0,0,0
0,0,0
0,0,0
0,0,0
343,490,0
0,0,0
0,0,0
0,0,0
0,0,0
0,0,0
0,0,0
0,0,0
362,530,0
0,0,0
0,0,0
330,510,0
55,530,0
0,0,0
174,490,0
0,0,0
0,0,0
0,0,0
0,0,0
0,0,0
168,510,0
0,0,0
0,0,0
0,0,0
0,0,0
0,0,0
0,0,0
61,470,0
0,0,0
0,0,0
0,0,0
0,0,0
0,0,0
0,0,0
0,0,0
0,0,0
0,0,0
0,0,0
327,510,0
0,0,0
0,0,0
0,0,0
0,0,0
0,0,0
105,490,0
0,0,0
182,450,0
0,0,0
91,470,0
0,0,0
0,0,0
0,0,0
124,550,0
0,0,0
0,0,0
161,510,0
190,450,0
0,0,0
13,550,0
244,450,0
136,450,0
0,0,0
345,530,0
0,0,0
0,0,0
0,0,0
0,0,0
0,0,0
0,0,0
0,0,0
0,0,0
0,0,0
0,0,0
315,530,0
0,0,0
12,550,0
0,0,0
0,0,0
168,450,0
0,0,0
0,0,0
0,0,0
0,0,0
268,470,0
0,0,0
0,0,0
0,0,0
0,0,0
0,0,0
550,450,1
0,0,0
0,0,0
64,510,0
0,0,0
71,450,0
0,0,0
0,0,0
0,0,0
0,0,0
0,0,0
396,450,0
104,450,0
0,0,0
0,0,0
363,530,0
0,0,0
0,0,0
0,0,0
15,510,0
0,0,0
0,0,0
0,0,0
0,0,0
184,470,0
0,0,0
0,0,0
186,550,0
0,0,0
0,0,0
0,0,0
58,490,0
0,0,0
0,0,0
382,550,0
0,0,0
256,550,0
393,510,0
101,470,0
106,510,0
330,470,0
0,0,0
0,0,0
0,0,0
0,0,0
332,550,0
0,0,0
147,510,0
0,0,0
0,0,0
0,0,0
0,0,0
0,0,0
490,470,1
268,550,0
0,0,0
0,0,0
181,530,0
388,490,0
0,0,0
0,0,0
0,0,0
0,0,0
0,0,0
131,510,0
0,0,0
0,0,0
