1,450,0
1,460,0
1,470,0
1,480,0
1,490,0
1,500,0
1,510,0
1,520,0
1,530,0
1,540,0
2,450,0
2,460,0
2,470,0
2,480,0
2,490,0
2,500,0
2,510,0
2,520,0
2,530,0
2,540,0
3,450,0
3,460,0
3,470,0
3,480,0
3,490,0
3,500,0
3,510,0
3,520,0
3,530,0
3,540,0
4,450,0
4,460,0
4,470,0
4,480,0
4,490,0
4,500,0
4,510,0
4,520,0
4,530,0
4,540,0
5,450,0
5,460,0
5,470,0
5,480,0
5,490,0
5,500,0
5,510,0
5,520,0
5,530,0
5,540,0
6,450,0
6,460,0
6,470,0
6,480,0
6,490,0
6,500,0
6,510,0
6,520,0
6,530,0
6,540,0
7,450,0
7,460,0
7,470,0
7,480,0
7,490,0
7,500,0
7,510,0
7,520,0
7,530,0
7,540,0
8,450,0
8,460,0
8,470,0
8,480,0
8,490,0
8,500,0
8,510,0
8,520,0
8,530,0
8,540,0
9,450,0
9,460,0
9,470,0
9,480,0
9,490,0
9,500,0
9,510,0
9,520,0
9,530,0
9,540,0
10,450,0
10,460,0
10,470,0
10,480,0
10,490,0
10,500,0
10,510,0
10,520,0
10,530,0
10,540,0
11,450,0
11,460,0
11,470,0
11,480,0
11,490,0
11,500,0
11,510,0
11,520,0
11,530,0
11,540,0
12,450,0
12,460,0
12,470,0
12,480,0
12,490,0
12,500,0
12,510,0
12,520,0
12,530,0
12,540,0
13,450,0
13,460,0
13,470,0
13,480,0
13,490,0
13,500,0
13,510,0
13,520,0
13,530,0
13,540,0
14,450,0
14,460,0
14,470,0
14,480,0
14,490,0
14,500,0
14,510,0
14,520,0
14,530,0
14,540,0
15,450,0
15,460,0
15,470,0
15,480,0
15,490,0
15,500,0
15,510,0
15,520,0
15,530,0
15,540,0
16,450,0
16,460,0
16,470,0
16,480,0
16,490,0
16,500,0
16,510,0
16,520,0
16,530,0
16,540,0
17,450,0
17,460,0
17,470,0
17,480,0
17,490,0
17,500,0
17,510,0
17,520,0
17,530,0
17,540,0
18,450,0
18,460,0
18,470,0
18,480,0
18,490,0
18,500,0
18,510,0
18,520,0
18,530,0
18,540,0
19,450,0
19,460,0
19,470,0
19,480,0
19,490,0
19,500,0
19,510,0
19,520,0
19,530,0
19,540,0
20,450,0
20,460,0
20,470,0
20,480,0
20,490,0
20,500,0
20,510,0
20,520,0
20,530,0
20,540,0
21,450,0
21,460,0
21,470,0
21,480,0
21,490,0
21,500,0
21,510,0
21,520,0
21,530,0
21,540,0
22,450,0
22,460,0
22,470,0
22,480,0
22,490,0
22,500,0
22,510,0
22,520,0
22,530,0
22,540,0
23,450,0
23,460,0
23,470,0
23,480,0
23,490,0
23,500,0
23,510,0
23,520,0
23,530,0
23,540,0
24,450,0
24,460,0
24,470,0
24,480,0
24,490,0
24,500,0
24,510,0
24,520,0
24,530,0
24,540,0
25,450,0
25,460,0
25,470,0
25,480,0
25,490,0
25,500,0
25,510,0
25,520,0
25,530,0
25,540,0
26,450,0
26,460,0
26,470,0
26,480,0
26,490,0
26,500,0
26,510,0
26,520,0
26,530,0
26,540,0
27,450,0
27,460,0
27,470,0
27,480,0
27,490,0
27,500,0
27,510,0
27,520,0
27,530,0
27,540,0
28,450,0
28,460,0
28,470,0
28,480,0
28,490,0
28,500,0
28,510,0
28,520,0
28,530,0
28,540,0
29,450,0
29,460,0
29,470,0
29,480,0
29,490,0
29,500,0
29,510,0
29,520,0
29,530,0
29,540,0
30,450,0
30,460,0
30,470,0
30,480,0
30,490,0
30,500,0
30,510,0
30,520,0
30,530,0
30,540,0
31,450,0
31,460,0
31,470,0
31,480,0
31,490,0
31,500,0
31,510,0
31,520,0
31,530,0
31,540,0
32,450,0
32,460,0
32,470,0
32,480,0
32,490,0
32,500,0
32,510,0
32,520,0
32,530,0
32,540,0
33,450,0
33,460,0
33,470,0
33,480,0
33,490,0
33,500,0
33,510,0
33,520,0
33,530,0
33,540,0
34,450,0
34,460,0
34,470,0
34,480,0
34,490,0
34,500,0
34,510,0
34,520,0
34,530,0
34,540,0
35,450,0
35,460,0
35,470,0
35,480,0
35,490,0
35,500,0
35,510,0
35,520,0
35,530,0
35,540,0
36,450,0
36,460,0
36,470,0
36,480,0
36,490,0
36,500,0
36,510,0
36,520,0
36,530,0
36,540,0
37,450,0
37,460,0
37,470,0
37,480,0
37,490,0
37,500,0
37,510,0
37,520,0
37,530,0
37,540,0
38,450,0
38,460,0
38,470,0
38,480,0
38,490,0
38,500,0
38,510,0
38,520,0
38,530,0
38,540,0
39,450,0
39,460,0
39,470,0
39,480,0
39,490,0
39,500,0
39,510,0
39,520,0
39,530,0
39,540,0
40,450,0
40,460,0
40,470,0
40,480,0
40,490,0
40,500,0
40,510,0
40,520,0
40,530,0
40,540,0
41,450,0
41,460,0
41,470,0
41,480,0
41,490,0
41,500,0
41,510,0
41,520,0
41,530,0
41,540,0
42,450,0
42,460,0
42,470,0
42,480,0
42,490,0
42,500,0
42,510,0
42,520,0
42,530,0
42,540,0
43,450,0
43,460,0
43,470,0
43,480,0
43,490,0
43,500,0
43,510,0
43,520,0
43,530,0
43,540,0
44,450,0
44,460,0
44,470,0
44,480,0
44,490,0
44,500,0
44,510,0
44,520,0
44,530,0
44,540,0
45,450,0
45,460,0
45,470,0
45,480,0
45,490,0
45,500,0
45,510,0
45,520,0
45,530,0
45,540,0
46,450,0
46,460,0
46,470,0
46,480,0
46,490,0
46,500,0
46,510,0
46,520,0
46,530,0
46,540,0
47,450,0
47,460,0
47,470,0
47,480,0
47,490,0
47,500,0
47,510,0
47,520,0
47,530,0
47,540,0
48,450,0
48,460,0
48,470,0
48,480,0
48,490,0
48,500,0
48,510,0
48,520,0
48,530,0
48,540,0
49,450,0
49,460,0
49,470,0
49,480,0
49,490,0
49,500,0
49,510,0
49,520,0
49,530,0
49,540,0
50,450,0
50,460,0
50,470,0
50,480,0
50,490,0
50,500,0
50,510,0
50,520,0
50,530,0
50,540,0
51,450,0
51,460,0
51,470,0
51,480,0
51,490,0
51,500,0
51,510,0
51,520,0
51,530,0
51,540,0
52,450,0
52,460,0
52,470,0
52,480,0
52,490,0
52,500,0
52,510,0
52,520,0
52,530,0
52,540,0
53,450,0
53,460,0
53,470,0
53,480,0
53,490,0
53,500,0
53,510,0
53,520,0
53,530,0
53,540,0
54,450,0
54,460,0
54,470,0
54,480,0
54,490,0
54,500,0
54,510,0
54,520,0
54,530,0
54,540,0
55,450,0
55,460,0
55,470,0
55,480,0
55,490,0
55,500,0
55,510,0
55,520,0
55,530,0
55,540,0
56,450,0
56,460,0
56,470,0
56,480,0
56,490,0
56,500,0
56,510,0
56,520,0
56,530,0
56,540,0
57,450,0
57,460,0
57,470,0
57,480,0
57,490,0
57,500,0
57,510,0
57,520,0
57,530,0
57,540,0
58,450,0
58,460,0
58,470,0
58,480,0
58,490,0
58,500,0
58,510,0
58,520,0
58,530,0
58,540,0
59,450,0
59,460,0
59,470,0
59,480,0
59,490,0
59,500,0
59,510,0
59,520,0
59,530,0
59,540,0
60,450,0
60,460,0
60,470,0
60,480,0
60,490,0
60,500,0
60,510,0
60,520,0
60,530,0
60,540,0
61,450,0
61,460,0
61,470,0
61,480,0
61,490,0
61,500,0
61,510,0
61,520,0
61,530,0
61,540,0
62,450,0
62,460,0
62,470,0
62,480,0
62,490,0
62,500,0
62,510,0
62,520,0
62,530,0
62,540,0
63,450,0
63,460,0
63,470,0
63,480,0
63,490,0
63,500,0
63,510,0
63,520,0
63,530,0
63,540,0
64,450,0
64,460,0
64,470,0
64,480,0
64,490,0
64,500,0
64,510,0
64,520,0
64,530,0
64,540,0
65,450,0
65,460,0
65,470,0
65,480,0
65,490,0
65,500,0
65,510,0
65,520,0
65,530,0
65,540,0
66,450,0
66,460,0
66,470,0
66,480,0
66,490,0
66,500,0
66,510,0
66,520,0
66,530,0
66,540,0
67,450,0
67,460,0
67,470,0
67,480,0
67,490,0
67,500,0
67,510,0
67,520,0
67,530,0
67,540,0
68,450,0
68,460,0
68,470,0
68,480,0
68,490,0
68,500,0
68,510,0
68,520,0
68,530,0
68,540,0
69,450,0
69,460,0
69,470,0
69,480,0
69,490,0
69,500,0
69,510,0
69,520,0
69,530,0
69,540,0
70,450,0
70,460,0
70,470,0
70,480,0
70,490,0
70,500,0
70,510,0
70,520,0
70,530,0
70,540,0
71,450,0
71,460,0
71,470,0
71,480,0
71,490,0
71,500,0
71,510,0
71,520,0
71,530,0
71,540,0
72,450,0
72,460,0
72,470,0
72,480,0
72,490,0
72,500,0
72,510,0
72,520,0
72,530,0
72,540,0
73,450,0
73,460,0
73,470,0
73,480,0
73,490,0
73,500,0
73,510,0
73,520,0
73,530,0
73,540,0
74,450,0
74,460,0
74,470,0
74,480,0
74,490,0
74,500,0
74,510,0
74,520,0
74,530,0
74,540,0
75,450,0
75,460,0
75,470,0
75,480,0
75,490,0
75,500,0
75,510,0
75,520,0
75,530,0
75,540,0
76,450,0
76,460,0
76,470,0
76,480,0
76,490,0
76,500,0
76,510,0
76,520,0
76,530,0
76,540,0
77,450,0
77,460,0
77,470,0
77,480,0
77,490,0
77,500,0
77,510,0
77,520,0
77,530,0
77,540,0
78,450,0
78,460,0
78,470,0
78,480,0
78,490,0
78,500,0
78,510,0
78,520,0
78,530,0
78,540,0
79,450,0
79,460,0
79,470,0
79,480,0
79,490,0
79,500,0
79,510,0
79,520,0
79,530,0
79,540,0
80,450,0
80,460,0
80,470,0
80,480,0
80,490,0
80,500,0
80,510,0
80,520,0
80,530,0
80,540,0
81,450,0
81,460,0
81,470,0
81,480,0
81,490,0
81,500,0
81,510,0
81,520,0
81,530,0
81,540,0
82,450,0
82,460,0
82,470,0
82,480,0
82,490,0
82,500,0
82,510,0
82,520,0
82,530,0
82,540,0
83,450,0
83,460,0
83,470,0
83,480,0
83,490,0
83,500,0
83,510,0
83,520,0
83,530,0
83,540,0
84,450,0
84,460,0
84,470,0
84,480,0
84,490,0
84,500,0
84,510,0
84,520,0
84,530,0
84,540,0
85,450,0
85,460,0
85,470,0
85,480,0
85,490,0
85,500,0
85,510,0
85,520,0
85,530,0
85,540,0
86,450,0
86,460,0
86,470,0
86,480,0
86,490,0
86,500,0
86,510,0
86,520,0
86,530,0
86,540,0
87,450,0
87,460,0
87,470,0
87,480,0
87,490,0
87,500,0
87,510,0
87,520,0
87,530,0
87,540,0
88,450,0
88,460,0
88,470,0
88,480,0
88,490,0
88,500,0
88,510,0
88,520,0
88,530,0
88,540,0
89,450,0
89,460,0
89,470,0
89,480,0
89,490,0
89,500,0
89,510,0
89,520,0
89,530,0
89,540,0
90,450,0
90,460,0
90,470,0
90,480,0
90,490,0
90,500,0
90,510,0
90,520,0
90,530,0
90,540,0
91,450,0
91,460,0
91,470,0
91,480,0
91,490,0
91,500,0
91,510,0
91,520,0
91,530,0
91,540,0
92,450,0
92,460,0
92,470,0
92,480,0
92,490,0
92,500,0
92,510,0
92,520,0
92,530,0
92,540,0
93,450,0
93,460,0
93,470,0
93,480,0
93,490,0
93,500,0
93,510,0
93,520,0
93,530,0
93,540,0
94,450,0
94,460,0
94,470,0
94,480,0
94,490,0
94,500,0
94,510,0
94,520,0
94,530,0
94,540,0
95,450,0
95,460,0
95,470,0
95,480,0
95,490,0
95,500,0
95,510,0
95,520,0
95,530,0
95,540,0
96,450,0
96,460,0
96,470,0
96,480,0
96,490,0
96,500,0
96,510,0
96,520,0
96,530,0
96,540,0
97,450,0
97,460,0
97,470,0
97,480,0
97,490,0
97,500,0
97,510,0
97,520,0
97,530,0
97,540,0
98,450,0
98,460,0
98,470,0
98,480,0
98,490,0
98,500,0
98,510,0
98,520,0
98,530,0
98,540,0
99,450,0
99,460,0
99,470,0
99,480,0
99,490,0
99,500,0
99,510,0
99,520,0
99,530,0
99,540,0
100,450,0
100,460,0
100,470,0
100,480,0
100,490,0
100,500,0
100,510,0
100,520,0
100,530,0
100,540,0
101,450,0
101,460,0
101,470,0
101,480,0
101,490,0
101,500,0
101,510,0
101,520,0
101,530,0
101,540,0
102,450,0
102,460,0
102,470,0
102,480,0
102,490,0
102,500,0
102,510,0
102,520,0
102,530,0
102,540,0
103,450,0
103,460,0
103,470,0
103,480,0
103,490,0
103,500,0
103,510,0
103,520,0
103,530,0
103,540,0
104,450,0
104,460,0
104,470,0
104,480,0
104,490,0
104,500,0
104,510,0
104,520,0
104,530,0
104,540,0
105,450,0
105,460,0
105,470,0
105,480,0
105,490,0
105,500,0
105,510,0
105,520,0
105,530,0
105,540,0
106,450,0
106,460,0
106,470,0
106,480,0
106,490,0
106,500,0
106,510,0
106,520,0
106,530,0
106,540,0
107,450,0
107,460,0
107,470,0
107,480,0
107,490,0
107,500,0
107,510,0
107,520,0
107,530,0
107,540,0
108,450,0
108,460,0
108,470,0
108,480,0
108,490,0
108,500,0
108,510,0
108,520,0
108,530,0
108,540,0
109,450,0
109,460,0
109,470,0
109,480,0
109,490,0
109,500,0
109,510,0
109,520,0
109,530,0
109,540,0
110,450,0
110,460,0
110,470,0
110,480,0
110,490,0
110,500,0
110,510,0
110,520,0
110,530,0
110,540,0
111,450,0
111,460,0
111,470,0
111,480,0
111,490,0
111,500,0
111,510,0
111,520,0
111,530,0
111,540,0
112,450,0
112,460,0
112,470,0
112,480,0
112,490,0
112,500,0
112,510,0
112,520,0
112,530,0
112,540,0
113,450,0
113,460,0
113,470,0
113,480,0
113,490,0
113,500,0
113,510,0
113,520,0
113,530,0
113,540,0
114,450,0
114,460,0
114,470,0
114,480,0
114,490,0
114,500,0
114,510,0
114,520,0
114,530,0
114,540,0
115,450,0
115,460,0
115,470,0
115,480,0
115,490,0
115,500,0
115,510,0
115,520,0
115,530,0
115,540,0
116,450,0
116,460,0
116,470,0
116,480,0
116,490,0
116,500,0
116,510,0
116,520,0
116,530,0
116,540,0
117,450,0
117,460,0
117,470,0
117,480,0
117,490,0
117,500,0
117,510,0
117,520,0
117,530,0
117,540,0
118,450,0
118,460,0
118,470,0
118,480,0
118,490,0
118,500,0
118,510,0
118,520,0
118,530,0
118,540,0
119,450,0
119,460,0
119,470,0
119,480,0
119,490,0
119,500,0
119,510,0
119,520,0
119,530,0
119,540,0
120,450,0
120,460,0
120,470,0
120,480,0
120,490,0
120,500,0
120,510,0
120,520,0
120,530,0
120,540,0
121,450,0
121,460,0
121,470,0
121,480,0
121,490,0
121,500,0
121,510,0
121,520,0
121,530,0
121,540,0
122,450,0
122,460,0
122,470,0
122,480,0
122,490,0
122,500,0
122,510,0
122,520,0
122,530,0
122,540,0
123,450,0
123,460,0
123,470,0
123,480,0
123,490,0
123,500,0
123,510,0
123,520,0
123,530,0
123,540,0
124,450,0
124,460,0
124,470,0
124,480,0
124,490,0
124,500,0
124,510,0
124,520,0
124,530,0
124,540,0
125,450,0
125,460,0
125,470,0
125,480,0
125,490,0
125,500,0
125,510,0
125,520,0
125,530,0
125,540,0
126,450,0
126,460,0
126,470,0
126,480,0
126,490,0
126,500,0
126,510,0
126,520,0
126,530,0
126,540,0
127,450,0
127,460,0
127,470,0
127,480,0
127,490,0
127,500,0
127,510,0
127,520,0
127,530,0
127,540,0
128,450,0
128,460,0
128,470,0
128,480,0
128,490,0
128,500,0
128,510,0
128,520,0
128,530,0
128,540,0
129,450,0
129,460,0
129,470,0
129,480,0
129,490,0
129,500,0
129,510,0
129,520,0
129,530,0
129,540,0
130,450,0
130,460,0
130,470,0
130,480,0
130,490,0
130,500,0
130,510,0
130,520,0
130,530,0
130,540,0
131,450,0
131,460,0
131,470,0
131,480,0
131,490,0
131,500,0
131,510,0
131,520,0
131,530,0
131,540,0
132,450,0
132,460,0
132,470,0
132,480,0
132,490,0
132,500,0
132,510,0
132,520,0
132,530,0
132,540,0
133,450,0
133,460,0
133,470,0
133,480,0
133,490,0
133,500,0
133,510,0
133,520,0
133,530,0
133,540,0
134,450,0
134,460,0
134,470,0
134,480,0
134,490,0
134,500,0
134,510,0
134,520,0
134,530,0
134,540,0
135,450,0
135,460,0
135,470,0
135,480,0
135,490,0
135,500,0
135,510,0
135,520,0
135,530,0
135,540,0
136,450,0
136,460,0
136,470,0
136,480,0
136,490,0
136,500,0
136,510,0
136,520,0
136,530,0
136,540,0
137,450,0
137,460,0
137,470,0
137,480,0
137,490,0
137,500,0
137,510,0
137,520,0
137,530,0
137,540,0
138,450,0
138,460,0
138,470,0
138,480,0
138,490,0
138,500,0
138,510,0
138,520,0
138,530,0
138,540,0
139,450,0
139,460,0
139,470,0
139,480,0
139,490,0
139,500,0
139,510,0
139,520,0
139,530,0
139,540,0
140,450,0
140,460,0
140,470,0
140,480,0
140,490,0
140,500,0
140,510,0
140,520,0
140,530,0
140,540,0
141,450,0
141,460,0
141,470,0
141,480,0
141,490,0
141,500,0
141,510,0
141,520,0
141,530,0
141,540,0
142,450,0
142,460,0
142,470,0
142,480,0
142,490,0
142,500,0
142,510,0
142,520,0
142,530,0
142,540,0
143,450,0
143,460,0
143,470,0
143,480,0
143,490,0
143,500,0
143,510,0
143,520,0
143,530,0
143,540,0
144,450,0
144,460,0
144,470,0
144,480,0
144,490,0
144,500,0
144,510,0
144,520,0
144,530,0
144,540,0
145,450,0
145,460,0
145,470,0
145,480,0
145,490,0
145,500,0
145,510,0
145,520,0
145,530,0
145,540,0
146,450,0
146,460,0
146,470,0
146,480,0
146,490,0
146,500,0
146,510,0
146,520,0
146,530,0
146,540,0
147,450,0
147,460,0
147,470,0
147,480,0
147,490,0
147,500,0
147,510,0
147,520,0
147,530,0
147,540,0
148,450,0
148,460,0
148,470,0
148,480,0
148,490,0
148,500,0
148,510,0
148,520,0
148,530,0
148,540,0
149,450,0
149,460,0
149,470,0
149,480,0
149,490,0
149,500,0
149,510,0
149,520,0
149,530,0
149,540,0
150,450,0
150,460,0
150,470,0
150,480,0
150,490,0
150,500,0
150,510,0
150,520,0
150,530,0
150,540,0
151,450,0
151,460,0
151,470,0
151,480,0
151,490,0
151,500,0
151,510,0
151,520,0
151,530,0
151,540,0
152,450,0
152,460,0
152,470,0
152,480,0
152,490,0
152,500,0
152,510,0
152,520,0
152,530,0
152,540,0
153,450,0
153,460,0
153,470,0
153,480,0
153,490,0
153,500,0
153,510,0
153,520,0
153,530,0
153,540,0
154,450,0
154,460,0
154,470,0
154,480,0
154,490,0
154,500,0
154,510,0
154,520,0
154,530,0
154,540,0
155,450,0
155,460,0
155,470,0
155,480,0
155,490,0
155,500,0
155,510,0
155,520,0
155,530,0
155,540,0
156,450,0
156,460,0
156,470,0
156,480,0
156,490,0
156,500,0
156,510,0
156,520,0
156,530,0
156,540,0
157,450,0
157,460,0
157,470,0
157,480,0
157,490,0
157,500,0
157,510,0
157,520,0
157,530,0
157,540,0
158,450,0
158,460,0
158,470,0
158,480,0
158,490,0
158,500,0
158,510,0
158,520,0
158,530,0
158,540,0
159,450,0
159,460,0
159,470,0
159,480,0
159,490,0
159,500,0
159,510,0
159,520,0
159,530,0
159,540,0
160,450,0
160,460,0
160,470,0
160,480,0
160,490,0
160,500,0
160,510,0
160,520,0
160,530,0
160,540,0
161,450,0
161,460,0
161,470,0
161,480,0
161,490,0
161,500,0
161,510,0
161,520,0
161,530,0
161,540,0
162,450,0
162,460,0
162,470,0
162,480,0
162,490,0
162,500,0
162,510,0
162,520,0
162,530,0
162,540,0
163,450,0
163,460,0
163,470,0
163,480,0
163,490,0
163,500,0
163,510,0
163,520,0
163,530,0
163,540,0
164,450,0
164,460,0
164,470,0
164,480,0
164,490,0
164,500,0
164,510,0
164,520,0
164,530,0
164,540,0
165,450,0
165,460,0
165,470,0
165,480,0
165,490,0
165,500,0
165,510,0
165,520,0
165,530,0
165,540,0
166,450,0
166,460,0
166,470,0
166,480,0
166,490,0
166,500,0
166,510,0
166,520,0
166,530,0
166,540,0
167,450,0
167,460,0
167,470,0
167,480,0
167,490,0
167,500,0
167,510,0
167,520,0
167,530,0
167,540,0
168,450,0
168,460,0
168,470,0
168,480,0
168,490,0
168,500,0
168,510,0
168,520,0
168,530,0
168,540,0
169,450,0
169,460,0
169,470,0
169,480,0
169,490,0
169,500,0
169,510,0
169,520,0
169,530,0
169,540,0
170,450,0
170,460,0
170,470,0
170,480,0
170,490,0
170,500,0
170,510,0
170,520,0
170,530,0
170,540,0
171,450,0
171,460,0
171,470,0
171,480,0
171,490,0
171,500,0
171,510,0
171,520,0
171,530,0
171,540,0
172,450,0
172,460,0
172,470,0
172,480,0
172,490,0
172,500,0
172,510,0
172,520,0
172,530,0
172,540,0
173,450,0
173,460,0
173,470,0
173,480,0
173,490,0
173,500,0
173,510,0
173,520,0
173,530,0
173,540,0
174,450,0
174,460,0
174,470,0
174,480,0
174,490,0
174,500,0
174,510,0
174,520,0
174,530,0
174,540,0
175,450,0
175,460,0
175,470,0
175,480,0
175,490,0
175,500,0
175,510,0
175,520,0
175,530,0
175,540,0
176,450,0
176,460,0
176,470,0
176,480,0
176,490,0
176,500,0
176,510,0
176,520,0
176,530,0
176,540,0
177,450,0
177,460,0
177,470,0
177,480,0
177,490,0
177,500,0
177,510,0
177,520,0
177,530,0
177,540,0
178,450,0
178,460,0
178,470,0
178,480,0
178,490,0
178,500,0
178,510,0
178,520,0
178,530,0
178,540,0
179,450,0
179,460,0
179,470,0
179,480,0
179,490,0
179,500,0
179,510,0
179,520,0
179,530,0
179,540,0
180,450,0
180,460,0
180,470,0
180,480,0
180,490,0
180,500,0
180,510,0
180,520,0
180,530,0
180,540,0
181,450,0
181,460,0
181,470,0
181,480,0
181,490,0
181,500,0
181,510,0
181,520,0
181,530,0
181,540,0
182,450,0
182,460,0
182,470,0
182,480,0
182,490,0
182,500,0
182,510,0
182,520,0
182,530,0
182,540,0
183,450,0
183,460,0
183,470,0
183,480,0
183,490,0
183,500,0
183,510,0
183,520,0
183,530,0
183,540,0
184,450,0
184,460,0
184,470,0
184,480,0
184,490,0
184,500,0
184,510,0
184,520,0
184,530,0
184,540,0
185,450,0
185,460,0
185,470,0
185,480,0
185,490,0
185,500,0
185,510,0
185,520,0
185,530,0
185,540,0
186,450,0
186,460,0
186,470,0
186,480,0
186,490,0
186,500,0
186,510,0
186,520,0
186,530,0
186,540,0
187,450,0
187,460,0
187,470,0
187,480,0
187,490,0
187,500,0
187,510,0
187,520,0
187,530,0
187,540,0
188,450,0
188,460,0
188,470,0
188,480,0
188,490,0
188,500,0
188,510,0
188,520,0
188,530,0
188,540,0
189,450,0
189,460,0
189,470,0
189,480,0
189,490,0
189,500,0
189,510,0
189,520,0
189,530,0
189,540,0
190,450,0
190,460,0
190,470,0
190,480,0
190,490,0
190,500,0
190,510,0
190,520,0
190,530,0
190,540,0
191,450,0
191,460,0
191,470,0
191,480,0
191,490,0
191,500,0
191,510,0
191,520,0
191,530,0
191,540,0
192,450,0
192,460,0
192,470,0
192,480,0
192,490,0
192,500,0
192,510,0
192,520,0
192,530,0
192,540,0
193,450,0
193,460,0
193,470,0
193,480,0
193,490,0
193,500,0
193,510,0
193,520,0
193,530,0
193,540,0
194,450,0
194,460,0
194,470,0
194,480,0
194,490,0
194,500,0
194,510,0
194,520,0
194,530,0
194,540,0
195,450,0
195,460,0
195,470,0
195,480,0
195,490,0
195,500,0
195,510,0
195,520,0
195,530,0
195,540,0
196,450,0
196,460,0
196,470,0
196,480,0
196,490,0
196,500,0
196,510,0
196,520,0
196,530,0
196,540,0
197,450,0
197,460,0
197,470,0
197,480,0
197,490,0
197,500,0
197,510,0
197,520,0
197,530,0
197,540,0
198,450,0
198,460,0
198,470,0
198,480,0
198,490,0
198,500,0
198,510,0
198,520,0
198,530,0
198,540,0
199,450,0
199,460,0
199,470,0
199,480,0
199,490,0
199,500,0
199,510,0
199,520,0
199,530,0
199,540,0
200,450,0
200,460,0
200,470,0
200,480,0
200,490,0
200,500,0
200,510,0
200,520,0
200,530,0
200,540,0
201,450,0
201,460,0
201,470,0
201,480,0
201,490,0
201,500,0
201,510,0
201,520,0
201,530,0
201,540,0
202,450,0
202,460,0
202,470,0
202,480,0
202,490,0
202,500,0
202,510,0
202,520,0
202,530,0
202,540,0
203,450,0
203,460,0
203,470,0
203,480,0
203,490,0
203,500,0
203,510,0
203,520,0
203,530,0
203,540,0
204,450,0
204,460,0
204,470,0
204,480,0
204,490,0
204,500,0
204,510,0
204,520,0
204,530,0
204,540,0
205,450,0
205,460,0
205,470,0
205,480,0
205,490,0
205,500,0
205,510,0
205,520,0
205,530,0
205,540,0
206,450,0
206,460,0
206,470,0
206,480,0
206,490,0
206,500,0
206,510,0
206,520,0
206,530,0
206,540,0
207,450,0
207,460,0
207,470,0
207,480,0
207,490,0
207,500,0
207,510,0
207,520,0
207,530,0
207,540,0
208,450,0
208,460,0
208,470,0
208,480,0
208,490,0
208,500,0
208,510,0
208,520,0
208,530,0
208,540,0
209,450,0
209,460,0
209,470,0
209,480,0
209,490,0
209,500,0
209,510,0
209,520,0
209,530,0
209,540,0
210,450,0
210,460,0
210,470,0
210,480,0
210,490,0
210,500,0
210,510,0
210,520,0
210,530,0
210,540,0
211,450,0
211,460,0
211,470,0
211,480,0
211,490,0
211,500,0
211,510,0
211,520,0
211,530,0
211,540,0
212,450,0
212,460,0
212,470,0
212,480,0
212,490,0
212,500,0
212,510,0
212,520,0
212,530,0
212,540,0
213,450,0
213,460,0
213,470,0
213,480,0
213,490,0
213,500,0
213,510,0
213,520,0
213,530,0
213,540,0
214,450,0
214,460,0
214,470,0
214,480,0
214,490,0
214,500,0
214,510,0
214,520,0
214,530,0
214,540,0
215,450,0
215,460,0
215,470,0
215,480,0
215,490,0
215,500,0
215,510,0
215,520,0
215,530,0
215,540,0
216,450,0
216,460,0
216,470,0
216,480,0
216,490,0
216,500,0
216,510,0
216,520,0
216,530,0
216,540,0
217,450,0
217,460,0
217,470,0
217,480,0
217,490,0
217,500,0
217,510,0
217,520,0
217,530,0
217,540,0
218,450,0
218,460,0
218,470,0
218,480,0
218,490,0
218,500,0
218,510,0
218,520,0
218,530,0
218,540,0
219,450,0
219,460,0
219,470,0
219,480,0
219,490,0
219,500,0
219,510,0
219,520,0
219,530,0
219,540,0
220,450,0
220,460,0
220,470,0
220,480,0
220,490,0
220,500,0
220,510,0
220,520,0
220,530,0
220,540,0
221,450,0
221,460,0
221,470,0
221,480,0
221,490,0
221,500,0
221,510,0
221,520,0
221,530,0
221,540,0
222,450,0
222,460,0
222,470,0
222,480,0
222,490,0
222,500,0
222,510,0
222,520,0
222,530,0
222,540,0
223,450,0
223,460,0
223,470,0
223,480,0
223,490,0
223,500,0
223,510,0
223,520,0
223,530,0
223,540,0
224,450,0
224,460,0
224,470,0
224,480,0
224,490,0
224,500,0
224,510,0
224,520,0
224,530,0
224,540,0
225,450,0
225,460,0
225,470,0
225,480,0
225,490,0
225,500,0
225,510,0
225,520,0
225,530,0
225,540,0
226,450,0
226,460,0
226,470,0
226,480,0
226,490,0
226,500,0
226,510,0
226,520,0
226,530,0
226,540,0
227,450,0
227,460,0
227,470,0
227,480,0
227,490,0
227,500,0
227,510,0
227,520,0
227,530,0
227,540,0
228,450,0
228,460,0
228,470,0
228,480,0
228,490,0
228,500,0
228,510,0
228,520,0
228,530,0
228,540,0
229,450,0
229,460,0
229,470,0
229,480,0
229,490,0
229,500,0
229,510,0
229,520,0
229,530,0
229,540,0
230,450,0
230,460,0
230,470,0
230,480,0
230,490,0
230,500,0
230,510,0
230,520,0
230,530,0
230,540,0
231,450,0
231,460,0
231,470,0
231,480,0
231,490,0
231,500,0
231,510,0
231,520,0
231,530,0
231,540,0
232,450,0
232,460,0
232,470,0
232,480,0
232,490,0
232,500,0
232,510,0
232,520,0
232,530,0
232,540,0
233,450,0
233,460,0
233,470,0
233,480,0
233,490,0
233,500,0
233,510,0
233,520,0
233,530,0
233,540,0
234,450,0
234,460,0
234,470,0
234,480,0
234,490,0
234,500,0
234,510,0
234,520,0
234,530,0
234,540,0
235,450,0
235,460,0
235,470,0
235,480,0
235,490,0
235,500,0
235,510,0
235,520,0
235,530,0
235,540,0
236,450,0
236,460,0
236,470,0
236,480,0
236,490,0
236,500,0
236,510,0
236,520,0
236,530,0
236,540,0
237,450,0
237,460,0
237,470,0
237,480,0
237,490,0
237,500,0
237,510,0
237,520,0
237,530,0
237,540,0
238,450,0
238,460,0
238,470,0
238,480,0
238,490,0
238,500,0
238,510,0
238,520,0
238,530,0
238,540,0
239,450,0
239,460,0
239,470,0
239,480,0
239,490,0
239,500,0
239,510,0
239,520,0
239,530,0
239,540,0
240,450,0
240,460,0
240,470,0
240,480,0
240,490,0
240,500,0
240,510,0
240,520,0
240,530,0
240,540,0
241,450,0
241,460,0
241,470,0
241,480,0
241,490,0
241,500,0
241,510,0
241,520,0
241,530,0
241,540,0
242,450,0
242,460,0
242,470,0
242,480,0
242,490,0
242,500,0
242,510,0
242,520,0
242,530,0
242,540,0
243,450,0
243,460,0
243,470,0
243,480,0
243,490,0
243,500,0
243,510,0
243,520,0
243,530,0
243,540,0
244,450,0
244,460,0
244,470,0
244,480,0
244,490,0
244,500,0
244,510,0
244,520,0
244,530,0
244,540,0
245,450,0
245,460,0
245,470,0
245,480,0
245,490,0
245,500,0
245,510,0
245,520,0
245,530,0
245,540,0
246,450,0
246,460,0
246,470,0
246,480,0
246,490,0
246,500,0
246,510,0
246,520,0
246,530,0
246,540,0
247,450,0
247,460,0
247,470,0
247,480,0
247,490,0
247,500,0
247,510,0
247,520,0
247,530,0
247,540,0
248,450,0
248,460,0
248,470,0
248,480,0
248,490,0
248,500,0
248,510,0
248,520,0
248,530,0
248,540,0
249,450,0
249,460,0
249,470,0
249,480,0
249,490,0
249,500,0
249,510,0
249,520,0
249,530,0
249,540,0
250,450,0
250,460,0
250,470,0
250,480,0
250,490,0
250,500,0
250,510,0
250,520,0
250,530,0
250,540,0
251,450,0
251,460,0
251,470,0
251,480,0
251,490,0
251,500,0
251,510,0
251,520,0
251,530,0
251,540,0
252,450,0
252,460,0
252,470,0
252,480,0
252,490,0
252,500,0
252,510,0
252,520,0
252,530,0
252,540,0
253,450,0
253,460,0
253,470,0
253,480,0
253,490,0
253,500,0
253,510,0
253,520,0
253,530,0
253,540,0
254,450,0
254,460,0
254,470,0
254,480,0
254,490,0
254,500,0
254,510,0
254,520,0
254,530,0
254,540,0
255,450,0
255,460,0
255,470,0
255,480,0
255,490,0
255,500,0
255,510,0
255,520,0
255,530,0
255,540,0
256,450,0
256,460,0
256,470,0
256,480,0
256,490,0
256,500,0
256,510,0
256,520,0
256,530,0
256,540,0
257,450,0
257,460,0
257,470,0
257,480,0
257,490,0
257,500,0
257,510,0
257,520,0
257,530,0
257,540,0
258,450,0
258,460,0
258,470,0
258,480,0
258,490,0
258,500,0
258,510,0
258,520,0
258,530,0
258,540,0
259,450,0
259,460,0
259,470,0
259,480,0
259,490,0
259,500,0
259,510,0
259,520,0
259,530,0
259,540,0
260,450,0
260,460,0
260,470,0
260,480,0
260,490,0
260,500,0
260,510,0
260,520,0
260,530,0
260,540,0
261,450,0
261,460,0
261,470,0
261,480,0
261,490,0
261,500,0
261,510,0
261,520,0
261,530,0
261,540,0
262,450,0
262,460,0
262,470,0
262,480,0
262,490,0
262,500,0
262,510,0
262,520,0
262,530,0
262,540,0
263,450,0
263,460,0
263,470,0
263,480,0
263,490,0
263,500,0
263,510,0
263,520,0
263,530,0
263,540,0
264,450,0
264,460,0
264,470,0
264,480,0
264,490,0
264,500,0
264,510,0
264,520,0
264,530,0
264,540,0
265,450,0
265,460,0
265,470,0
265,480,0
265,490,0
265,500,0
265,510,0
265,520,0
265,530,0
265,540,0
266,450,0
266,460,0
266,470,0
266,480,0
266,490,0
266,500,0
266,510,0
266,520,0
266,530,0
266,540,0
267,450,0
267,460,0
267,470,0
267,480,0
267,490,0
267,500,0
267,510,0
267,520,0
267,530,0
267,540,0
268,450,0
268,460,0
268,470,0
268,480,0
268,490,0
268,500,0
268,510,0
268,520,0
268,530,0
268,540,0
269,450,0
269,460,0
269,470,0
269,480,0
269,490,0
269,500,0
269,510,0
269,520,0
269,530,0
269,540,0
270,450,0
270,460,0
270,470,0
270,480,0
270,490,0
270,500,0
270,510,0
270,520,0
270,530,0
270,540,0
271,450,0
271,460,0
271,470,0
271,480,0
271,490,0
271,500,0
271,510,0
271,520,0
271,530,0
271,540,0
272,450,0
272,460,0
272,470,0
272,480,0
272,490,0
272,500,0
272,510,0
272,520,0
272,530,0
272,540,0
273,450,0
273,460,0
273,470,0
273,480,0
273,490,0
273,500,0
273,510,0
273,520,0
273,530,0
273,540,0
274,450,0
274,460,0
274,470,0
274,480,0
274,490,0
274,500,0
274,510,0
274,520,0
274,530,0
274,540,0
275,450,0
275,460,0
275,470,0
275,480,0
275,490,0
275,500,0
275,510,0
275,520,0
275,530,0
275,540,0
276,450,0
276,460,0
276,470,0
276,480,0
276,490,0
276,500,0
276,510,0
276,520,0
276,530,0
276,540,0
277,450,0
277,460,0
277,470,0
277,480,0
277,490,0
277,500,0
277,510,0
277,520,0
277,530,0
277,540,0
278,450,0
278,460,0
278,470,0
278,480,0
278,490,0
278,500,0
278,510,0
278,520,0
278,530,0
278,540,0
279,450,0
279,460,0
279,470,0
279,480,0
279,490,0
279,500,0
279,510,0
279,520,0
279,530,0
279,540,0
280,450,0
280,460,0
280,470,0
280,480,0
280,490,0
280,500,0
280,510,0
280,520,0
280,530,0
280,540,0
281,450,0
281,460,0
281,470,0
281,480,0
281,490,0
281,500,0
281,510,0
281,520,0
281,530,0
281,540,0
282,450,0
282,460,0
282,470,0
282,480,0
282,490,0
282,500,0
282,510,0
282,520,0
282,530,0
282,540,0
283,450,0
283,460,0
283,470,0
283,480,0
283,490,0
283,500,0
283,510,0
283,520,0
283,530,0
283,540,0
284,450,0
284,460,0
284,470,0
284,480,0
284,490,0
284,500,0
284,510,0
284,520,0
284,530,0
284,540,0
285,450,0
285,460,0
285,470,0
285,480,0
285,490,0
285,500,0
285,510,0
285,520,0
285,530,0
285,540,0
286,450,0
286,460,0
286,470,0
286,480,0
286,490,0
286,500,0
286,510,0
286,520,0
286,530,0
286,540,0
287,450,0
287,460,0
287,470,0
287,480,0
287,490,0
287,500,0
287,510,0
287,520,0
287,530,0
287,540,0
288,450,0
288,460,0
288,470,0
288,480,0
288,490,0
288,500,0
288,510,0
288,520,0
288,530,0
288,540,0
289,450,0
289,460,0
289,470,0
289,480,0
289,490,0
289,500,0
289,510,0
289,520,0
289,530,0
289,540,0
290,450,0
290,460,0
290,470,0
290,480,0
290,490,0
290,500,0
290,510,0
290,520,0
290,530,0
290,540,0
291,450,0
291,460,0
291,470,0
291,480,0
291,490,0
291,500,0
291,510,0
291,520,0
291,530,0
291,540,0
292,450,0
292,460,0
292,470,0
292,480,0
292,490,0
292,500,0
292,510,0
292,520,0
292,530,0
292,540,0
293,450,0
293,460,0
293,470,0
293,480,0
293,490,0
293,500,0
293,510,0
293,520,0
293,530,0
293,540,0
294,450,0
294,460,0
294,470,0
294,480,0
294,490,0
294,500,0
294,510,0
294,520,0
294,530,0
294,540,0
295,450,0
295,460,0
295,470,0
295,480,0
295,490,0
295,500,0
295,510,0
295,520,0
295,530,0
295,540,0
296,450,0
296,460,0
296,470,0
296,480,0
296,490,0
296,500,0
296,510,0
296,520,0
296,530,0
296,540,0
297,450,0
297,460,0
297,470,0
297,480,0
297,490,0
297,500,0
297,510,0
297,520,0
297,530,0
297,540,0
298,450,0
298,460,0
298,470,0
298,480,0
298,490,0
298,500,0
298,510,0
298,520,0
298,530,0
298,540,0
299,450,0
299,460,0
299,470,0
299,480,0
299,490,0
299,500,0
299,510,0
299,520,0
299,530,0
299,540,0
300,450,0
300,460,0
300,470,0
300,480,0
300,490,0
300,500,0
300,510,0
300,520,0
300,530,0
300,540,0
301,450,0
301,460,0
301,470,0
301,480,0
301,490,0
301,500,0
301,510,0
301,520,0
301,530,0
301,540,0
302,450,0
302,460,0
302,470,0
302,480,0
302,490,0
302,500,0
302,510,0
302,520,0
302,530,0
302,540,0
303,450,0
303,460,0
303,470,0
303,480,0
303,490,0
303,500,0
303,510,0
303,520,0
303,530,0
303,540,0
304,450,0
304,460,0
304,470,0
304,480,0
304,490,0
304,500,0
304,510,0
304,520,0
304,530,0
304,540,0
305,450,0
305,460,0
305,470,0
305,480,0
305,490,0
305,500,0
305,510,0
305,520,0
305,530,0
305,540,0
306,450,0
306,460,0
306,470,0
306,480,0
306,490,0
306,500,0
306,510,0
306,520,0
306,530,0
306,540,0
307,450,0
307,460,0
307,470,0
307,480,0
307,490,0
307,500,0
307,510,0
307,520,0
307,530,0
307,540,0
308,450,0
308,460,0
308,470,0
308,480,0
308,490,0
308,500,0
308,510,0
308,520,0
308,530,0
308,540,0
309,450,0
309,460,0
309,470,0
309,480,0
309,490,0
309,500,0
309,510,0
309,520,0
309,530,0
309,540,0
310,450,0
310,460,0
310,470,0
310,480,0
310,490,0
310,500,0
310,510,0
310,520,0
310,530,0
310,540,0
311,450,0
311,460,0
311,470,0
311,480,0
311,490,0
311,500,0
311,510,0
311,520,0
311,530,0
311,540,0
312,450,0
312,460,0
312,470,0
312,480,0
312,490,0
312,500,0
312,510,0
312,520,0
312,530,0
312,540,0
313,450,0
313,460,0
313,470,0
313,480,0
313,490,0
313,500,0
313,510,0
313,520,0
313,530,0
313,540,0
314,450,0
314,460,0
314,470,0
314,480,0
314,490,0
314,500,0
314,510,0
314,520,0
314,530,0
314,540,0
315,450,0
315,460,0
315,470,0
315,480,0
315,490,0
315,500,0
315,510,0
315,520,0
315,530,0
315,540,0
316,450,0
316,460,0
316,470,0
316,480,0
316,490,0
316,500,0
316,510,0
316,520,0
316,530,0
316,540,0
317,450,0
317,460,0
317,470,0
317,480,0
317,490,0
317,500,0
317,510,0
317,520,0
317,530,0
317,540,0
318,450,0
318,460,0
318,470,0
318,480,0
318,490,0
318,500,0
318,510,0
318,520,0
318,530,0
318,540,0
319,450,0
319,460,0
319,470,0
319,480,0
319,490,0
319,500,0
319,510,0
319,520,0
319,530,0
319,540,0
320,450,0
320,460,0
320,470,0
320,480,0
320,490,0
320,500,0
320,510,0
320,520,0
320,530,0
320,540,0
321,450,0
321,460,0
321,470,0
321,480,0
321,490,0
321,500,0
321,510,0
321,520,0
321,530,0
321,540,0
322,450,0
322,460,0
322,470,0
322,480,0
322,490,0
322,500,0
322,510,0
322,520,0
322,530,0
322,540,0
323,450,0
323,460,0
323,470,0
323,480,0
323,490,0
323,500,0
323,510,0
323,520,0
323,530,0
323,540,0
324,450,0
324,460,0
324,470,0
324,480,0
324,490,0
324,500,0
324,510,0
324,520,0
324,530,0
324,540,0
325,450,0
325,460,0
325,470,0
325,480,0
325,490,0
325,500,0
325,510,0
325,520,0
325,530,0
325,540,0
326,450,0
326,460,0
326,470,0
326,480,0
326,490,0
326,500,0
326,510,0
326,520,0
326,530,0
326,540,0
327,450,0
327,460,0
327,470,0
327,480,0
327,490,0
327,500,0
327,510,0
327,520,0
327,530,0
327,540,0
328,450,0
328,460,0
328,470,0
328,480,0
328,490,0
328,500,0
328,510,0
328,520,0
328,530,0
328,540,0
329,450,0
329,460,0
329,470,0
329,480,0
329,490,0
329,500,0
329,510,0
329,520,0
329,530,0
329,540,0
330,450,0
330,460,0
330,470,0
330,480,0
330,490,0
330,500,0
330,510,0
330,520,0
330,530,0
330,540,0
331,450,0
331,460,0
331,470,0
331,480,0
331,490,0
331,500,0
331,510,0
331,520,0
331,530,0
331,540,0
332,450,0
332,460,0
332,470,0
332,480,0
332,490,0
332,500,0
332,510,0
332,520,0
332,530,0
332,540,0
333,450,0
333,460,0
333,470,0
333,480,0
333,490,0
333,500,0
333,510,0
333,520,0
333,530,0
333,540,0
334,450,0
334,460,0
334,470,0
334,480,0
334,490,0
334,500,0
334,510,0
334,520,0
334,530,0
334,540,0
335,450,0
335,460,0
335,470,0
335,480,0
335,490,0
335,500,0
335,510,0
335,520,0
335,530,0
335,540,0
336,450,0
336,460,0
336,470,0
336,480,0
336,490,0
336,500,0
336,510,0
336,520,0
336,530,0
336,540,0
337,450,0
337,460,0
337,470,0
337,480,0
337,490,0
337,500,0
337,510,0
337,520,0
337,530,0
337,540,0
338,450,0
338,460,0
338,470,0
338,480,0
338,490,0
338,500,0
338,510,0
338,520,0
338,530,0
338,540,0
339,450,0
339,460,0
339,470,0
339,480,0
339,490,0
339,500,0
339,510,0
339,520,0
339,530,0
339,540,0
340,450,0
340,460,0
340,470,0
340,480,0
340,490,0
340,500,0
340,510,0
340,520,0
340,530,0
340,540,0
341,450,0
341,460,0
341,470,0
341,480,0
341,490,0
341,500,0
341,510,0
341,520,0
341,530,0
341,540,0
342,450,0
342,460,0
342,470,0
342,480,0
342,490,0
342,500,0
342,510,0
342,520,0
342,530,0
342,540,0
343,450,0
343,460,0
343,470,0
343,480,0
343,490,0
343,500,0
343,510,0
343,520,0
343,530,0
343,540,0
344,450,0
344,460,0
344,470,0
344,480,0
344,490,0
344,500,0
344,510,0
344,520,0
344,530,0
344,540,0
345,450,0
345,460,0
345,470,0
345,480,0
345,490,0
345,500,0
345,510,0
345,520,0
345,530,0
345,540,0
346,450,0
346,460,0
346,470,0
346,480,0
346,490,0
346,500,0
346,510,0
346,520,0
346,530,0
346,540,0
347,450,0
347,460,0
347,470,0
347,480,0
347,490,0
347,500,0
347,510,0
347,520,0
347,530,0
347,540,0
348,450,0
348,460,0
348,470,0
348,480,0
348,490,0
348,500,0
348,510,0
348,520,0
348,530,0
348,540,0
349,450,0
349,460,0
349,470,0
349,480,0
349,490,0
349,500,0
349,510,0
349,520,0
349,530,0
349,540,0
350,450,0
350,460,0
350,470,0
350,480,0
350,490,0
350,500,0
350,510,0
350,520,0
350,530,0
350,540,0
351,450,0
351,460,0
351,470,0
351,480,0
351,490,0
351,500,0
351,510,0
351,520,0
351,530,0
351,540,0
352,450,0
352,460,0
352,470,0
352,480,0
352,490,0
352,500,0
352,510,0
352,520,0
352,530,0
352,540,0
353,450,0
353,460,0
353,470,0
353,480,0
353,490,0
353,500,0
353,510,0
353,520,0
353,530,0
353,540,0
354,450,0
354,460,0
354,470,0
354,480,0
354,490,0
354,500,0
354,510,0
354,520,0
354,530,0
354,540,0
355,450,0
355,460,0
355,470,0
355,480,0
355,490,0
355,500,0
355,510,0
355,520,0
355,530,0
355,540,0
356,450,0
356,460,0
356,470,0
356,480,0
356,490,0
356,500,0
356,510,0
356,520,0
356,530,0
356,540,0
357,450,0
357,460,0
357,470,0
357,480,0
357,490,0
357,500,0
357,510,0
357,520,0
357,530,0
357,540,0
358,450,0
358,460,0
358,470,0
358,480,0
358,490,0
358,500,0
358,510,0
358,520,0
358,530,0
358,540,0
359,450,0
359,460,0
359,470,0
359,480,0
359,490,0
359,500,0
359,510,0
359,520,0
359,530,0
359,540,0
360,450,0
360,460,0
360,470,0
360,480,0
360,490,0
360,500,0
360,510,0
360,520,0
360,530,0
360,540,0
361,450,0
361,460,0
361,470,0
361,480,0
361,490,0
361,500,0
361,510,0
361,520,0
361,530,0
361,540,0
362,450,0
362,460,0
362,470,0
362,480,0
362,490,0
362,500,0
362,510,0
362,520,0
362,530,0
362,540,0
363,450,0
363,460,0
363,470,0
363,480,0
363,490,0
363,500,0
363,510,0
363,520,0
363,530,0
363,540,0
364,450,0
364,460,0
364,470,0
364,480,0
364,490,0
364,500,0
364,510,0
364,520,0
364,530,0
364,540,0
365,450,0
365,460,0
365,470,0
365,480,0
365,490,0
365,500,0
365,510,0
365,520,0
365,530,0
365,540,0
366,450,0
366,460,0
366,470,0
366,480,0
366,490,0
366,500,0
366,510,0
366,520,0
366,530,0
366,540,0
367,450,0
367,460,0
367,470,0
367,480,0
367,490,0
367,500,0
367,510,0
367,520,0
367,530,0
367,540,0
368,450,0
368,460,0
368,470,0
368,480,0
368,490,0
368,500,0
368,510,0
368,520,0
368,530,0
368,540,0
369,450,0
369,460,0
369,470,0
369,480,0
369,490,0
369,500,0
369,510,0
369,520,0
369,530,0
369,540,0
370,450,0
370,460,0
370,470,0
370,480,0
370,490,0
370,500,0
370,510,0
370,520,0
370,530,0
370,540,0
371,450,0
371,460,0
371,470,0
371,480,0
371,490,0
371,500,0
371,510,0
371,520,0
371,530,0
371,540,0
372,450,0
372,460,0
372,470,0
372,480,0
372,490,0
372,500,0
372,510,0
372,520,0
372,530,0
372,540,0
373,450,0
373,460,0
373,470,0
373,480,0
373,490,0
373,500,0
373,510,0
373,520,0
373,530,0
373,540,0
374,450,0
374,460,0
374,470,0
374,480,0
374,490,0
374,500,0
374,510,0
374,520,0
374,530,0
374,540,0
375,450,0
375,460,0
375,470,0
375,480,0
375,490,0
375,500,0
375,510,0
375,520,0
375,530,0
375,540,0
376,450,0
376,460,0
376,470,0
376,480,0
376,490,0
376,500,0
376,510,0
376,520,0
376,530,0
376,540,0
377,450,0
377,460,0
377,470,0
377,480,0
377,490,0
377,500,0
377,510,0
377,520,0
377,530,0
377,540,0
378,450,0
378,460,0
378,470,0
378,480,0
378,490,0
378,500,0
378,510,0
378,520,0
378,530,0
378,540,0
379,450,0
379,460,0
379,470,0
379,480,0
379,490,0
379,500,0
379,510,0
379,520,0
379,530,0
379,540,0
380,450,0
380,460,0
380,470,0
380,480,0
380,490,0
380,500,0
380,510,0
380,520,0
380,530,0
380,540,0
381,450,0
381,460,0
381,470,0
381,480,0
381,490,0
381,500,0
381,510,0
381,520,0
381,530,0
381,540,0
382,450,0
382,460,0
382,470,0
382,480,0
382,490,0
382,500,0
382,510,0
382,520,0
382,530,0
382,540,0
383,450,0
383,460,0
383,470,0
383,480,0
383,490,0
383,500,0
383,510,0
383,520,0
383,530,0
383,540,0
384,450,0
384,460,0
384,470,0
384,480,0
384,490,0
384,500,0
384,510,0
384,520,0
384,530,0
384,540,0
385,450,0
385,460,0
385,470,0
385,480,0
385,490,0
385,500,0
385,510,0
385,520,0
385,530,0
385,540,0
386,450,0
386,460,0
386,470,0
386,480,0
386,490,0
386,500,0
386,510,0
386,520,0
386,530,0
386,540,0
387,450,0
387,460,0
387,470,0
387,480,0
387,490,0
387,500,0
387,510,0
387,520,0
387,530,0
387,540,0
388,450,0
388,460,0
388,470,0
388,480,0
388,490,0
388,500,0
388,510,0
388,520,0
388,530,0
388,540,0
389,450,0
389,460,0
389,470,0
389,480,0
389,490,0
389,500,0
389,510,0
389,520,0
389,530,0
389,540,0
390,450,0
390,460,0
390,470,0
390,480,0
390,490,0
390,500,0
390,510,0
390,520,0
390,530,0
390,540,0
391,450,0
391,460,0
391,470,0
391,480,0
391,490,0
391,500,0
391,510,0
391,520,0
391,530,0
391,540,0
392,450,0
392,460,0
392,470,0
392,480,0
392,490,0
392,500,0
392,510,0
392,520,0
392,530,0
392,540,0
393,450,0
393,460,0
393,470,0
393,480,0
393,490,0
393,500,0
393,510,0
393,520,0
393,530,0
393,540,0
394,450,0
394,460,0
394,470,0
394,480,0
394,490,0
394,500,0
394,510,0
394,520,0
394,530,0
394,540,0
395,450,0
395,460,0
395,470,0
395,480,0
395,490,0
395,500,0
395,510,0
395,520,0
395,530,0
395,540,0
396,450,0
396,460,0
396,470,0
396,480,0
396,490,0
396,500,0
396,510,0
396,520,0
396,530,0
396,540,0
397,450,0
397,460,0
397,470,0
397,480,0
397,490,0
397,500,0
397,510,0
397,520,0
397,530,0
397,540,0
398,450,0
398,460,0
398,470,0
398,480,0
398,490,0
398,500,0
398,510,0
398,520,0
398,530,0
398,540,0
399,450,0
399,460,0
399,470,0
399,480,0
399,490,0
399,500,0
399,510,0
399,520,0
399,530,0
399,540,0
400,450,0
400,460,0
400,470,0
400,480,0
400,490,0
400,500,0
400,510,0
400,520,0
400,530,0
400,540,0
450,540,1
450,530,1
450,520,1
450,510,1
450,500,1
450,490,1
450,480,1
450,470,1
450,460,1
460,450,1
460,540,1
460,530,1
460,520,1
460,510,1
460,500,1
460,490,1
460,480,1
460,470,1
470,460,1
470,450,1
470,540,1
470,530,1
470,520,1
470,510,1
470,500,1
470,490,1
470,480,1
480,470,1
480,460,1
480,450,1
480,540,1
480,530,1
480,520,1
480,510,1
480,500,1
480,490,1
490,480,1
490,470,1
490,460,1
490,450,1
490,540,1
490,530,1
490,520,1
490,510,1
490,500,1
500,490,1
500,480,1
500,470,1
500,460,1
500,450,1
500,540,1
500,530,1
500,520,1
500,510,1
510,500,1
510,490,1
510,480,1
510,470,1
510,460,1
510,450,1
510,540,1
510,530,1
510,520,1
520,510,1
520,500,1
520,490,1
520,480,1
520,470,1
520,460,1
520,450,1
520,540,1
520,530,1
530,520,1
530,510,1
530,500,1
530,490,1
530,480,1
530,470,1
530,460,1
530,450,1
530,540,1
540,530,1
540,520,1
540,510,1
540,500,1
540,490,1
540,480,1
540,470,1
540,460,1
540,450,1
0,0,0
0,0,0
0,0,0
0,0,0
0,0,0
0,0,0
0,0,0
0,0,0
0,0,0
0,0,0
0,0,0
0,0,0
0,0,0
0,0,0
0,0,0
0,0,0
0,0,0
0,0,0
0,0,0
0,0,0
0,0,0
0,0,0
0,0,0
0,0,0
0,0,0
0,0,0
0,0,0
0,0,0
0,0,0
0,0,0
0,0,0
0,0,0
0,0,0
0,0,0
0,0,0
0,0,0
0,0,0
0,0,0
0,0,0
0,0,0
0,0,0
0,0,0
0,0,0
0,0,0
0,0,0
0,0,0
0,0,0
0,0,0
0,0,0
0,0,0
0,0,0
0,0,0
0,0,0
0,0,0
0,0,0
0,0,0
0,0,0
0,0,0
0,0,0
0,0,0
0,0,0
0,0,0
0,0,0
0,0,0
0,0,0
0,0,0
0,0,0
0,0,0
0,0,0
0,0,0
0,0,0
0,0,0
0,0,0
0,0,0
0,0,0
0,0,0
0,0,0
0,0,0
0,0,0
0,0,0
0,0,0
0,0,0
0,0,0
0,0,0
0,0,0
0,0,0
0,0,0
0,0,0
0,0,0
0,0,0
0,0,0
0,0,0
0,0,0
0,0,0
0,0,0
0,0,0
0,0,0
0,0,0
0,0,0
0,0,0
0,0,0
0,0,0
0,0,0
0,0,0
0,0,0
0,0,0
0,0,0
0,0,0
0,0,0
0,0,0
0,0,0
0,0,0
0,0,0
0,0,0
0,0,0
0,0,0
0,0,0
0,0,0
0,0,0
0,0,0
0,0,0
0,0,0
0,0,0
0,0,0
0,0,0
0,0,0
0,0,0
0,0,0
0,0,0
0,0,0
0,0,0
0,0,0
0,0,0
0,0,0
0,0,0
0,0,0
0,0,0
0,0,0
0,0,0
0,0,0
0,0,0
0,0,0
0,0,0
0,0,0
0,0,0
0,0,0
0,0,0
0,0,0
0,0,0
0,0,0
0,0,0
0,0,0
0,0,0
0,0,0
0,0,0
0,0,0
0,0,0
0,0,0
0,0,0
0,0,0
0,0,0
0,0,0
0,0,0
0,0,0
0,0,0
0,0,0
0,0,0
0,0,0
0,0,0
0,0,0
0,0,0
0,0,0
0,0,0
0,0,0
0,0,0
0,0,0
0,0,0
0,0,0
0,0,0
0,0,0
0,0,0
0,0,0
0,0,0
0,0,0
0,0,0
0,0,0
0,0,0
0,0,0
0,0,0
0,0,0
0,0,0
0,0,0
0,0,0
0,0,0
0,0,0
0,0,0
0,0,0
0,0,0
0,0,0
0,0,0
0,0,0
0,0,0
0,0,0
0,0,0
0,0,0
0,0,0
0,0,0
0,0,0
0,0,0
0,0,0
0,0,0
0,0,0
0,0,0
0,0,0
0,0,0
0,0,0
0,0,0
0,0,0
0,0,0
0,0,0
0,0,0
0,0,0
0,0,0
0,0,0
0,0,0
0,0,0
0,0,0
0,0,0
0,0,0
0,0,0
0,0,0
0,0,0
0,0,0
0,0,0
0,0,0
0,0,0
0,0,0
0,0,0
0,0,0
0,0,0
0,0,0
0,0,0
0,0,0
0,0,0
0,0,0
0,0,0
0,0,0
0,0,0
0,0,0
0,0,0
0,0,0
0,0,0
0,0,0
0,0,0
0,0,0
0,0,0
0,0,0
0,0,0
0,0,0
0,0,0
0,0,0
0,0,0
0,0,0
0,0,0
0,0,0
0,0,0
0,0,0
0,0,0
0,0,0
0,0,0
0,0,0
0,0,0
0,0,0
0,0,0
0,0,0
0,0,0
0,0,0
0,0,0
0,0,0
0,0,0
0,0,0
0,0,0
0,0,0
0,0,0
0,0,0
0,0,0
0,0,0
0,0,0
0,0,0
0,0,0
0,0,0
0,0,0
0,0,0
0,0,0
0,0,0
0,0,0
0,0,0
0,0,0
0,0,0
0,0,0
0,0,0
0,0,0
0,0,0
0,0,0
0,0,0
0,0,0
0,0,0
0,0,0
0,0,0
0,0,0
0,0,0
0,0,0
0,0,0
0,0,0
0,0,0
0,0,0
0,0,0
0,0,0
0,0,0
0,0,0
0,0,0
0,0,0
0,0,0
0,0,0
0,0,0
0,0,0
0,0,0
0,0,0
0,0,0
0,0,0
0,0,0
0,0,0
0,0,0
0,0,0
0,0,0
0,0,0
0,0,0
0,0,0
0,0,0
0,0,0
0,0,0
0,0,0
0,0,0
0,0,0
0,0,0
0,0,0
0,0,0
0,0,0
0,0,0
0,0,0
0,0,0
0,0,0
0,0,0
0,0,0
0,0,0
0,0,0
0,0,0
0,0,0
0,0,0
0,0,0
0,0,0
0,0,0
0,0,0
0,0,0
0,0,0
0,0,0
0,0,0
0,0,0
0,0,0
0,0,0
0,0,0
0,0,0
0,0,0
0,0,0
0,0,0
0,0,0
0,0,0
0,0,0
0,0,0
0,0,0
0,0,0
0,0,0
0,0,0
0,0,0
0,0,0
0,0,0
0,0,0
0,0,0
0,0,0
0,0,0
0,0,0
0,0,0
0,0,0
0,0,0
0,0,0
0,0,0
0,0,0
0,0,0
0,0,0
0,0,0
0,0,0
0,0,0
0,0,0
0,0,0
0,0,0
0,0,0
0,0,0
0,0,0
0,0,0
0,0,0
0,0,0
0,0,0
0,0,0
0,0,0
0,0,0
0,0,0
0,0,0
0,0,0
0,0,0
0,0,0
0,0,0
0,0,0
0,0,0
0,0,0
0,0,0
0,0,0
0,0,0
0,0,0
0,0,0
0,0,0
0,0,0
0,0,0
0,0,0
0,0,0
0,0,0
0,0,0
0,0,0
0,0,0
0,0,0
0,0,0
0,0,0
0,0,0
0,0,0
0,0,0
0,0,0
0,0,0
0,0,0
0,0,0
0,0,0
0,0,0
0,0,0
0,0,0
0,0,0
0,0,0
0,0,0
0,0,0
0,0,0
0,0,0
0,0,0
0,0,0
0,0,0
0,0,0
0,0,0
0,0,0
0,0,0
0,0,0
0,0,0
0,0,0
0,0,0
0,0,0
0,0,0
0,0,0
0,0,0
0,0,0
0,0,0
0,0,0
0,0,0
0,0,0
0,0,0
0,0,0
0,0,0
0,0,0
0,0,0
0,0,0
0,0,0
0,0,0
0,0,0
0,0,0
0,0,0
0,0,0
0,0,0
0,0,0
0,0,0
0,0,0
0,0,0
0,0,0
0,0,0
0,0,0
0,0,0
0,0,0
0,0,0
0,0,0
0,0,0
0,0,0
0,0,0
0,0,0
0,0,0
0,0,0
0,0,0
0,0,0
0,0,0
0,0,0
0,0,0
0,0,0
0,0,0
0,0,0
0,0,0
0,0,0
0,0,0
0,0,0
0,0,0
0,0,0
0,0,0
0,0,0
0,0,0
0,0,0
0,0,0
0,0,0
0,0,0
0,0,0
0,0,0
0,0,0
0,0,0
0,0,0
0,0,0
0,0,0
0,0,0
0,0,0
0,0,0
0,0,0
0,0,0
0,0,0
0,0,0
0,0,0
0,0,0
0,0,0
0,0,0
0,0,0
0,0,0
0,0,0
0,0,0
0,0,0
0,0,0
0,0,0
0,0,0
0,0,0
0,0,0
0,0,0
0,0,0
0,0,0
0,0,0
0,0,0
0,0,0
0,0,0
0,0,0
0,0,0
0,0,0
0,0,0
0,0,0
0,0,0
0,0,0
0,0,0
0,0,0
0,0,0
0,0,0
0,0,0
0,0,0
0,0,0
0,0,0
0,0,0
0,0,0
0,0,0
0,0,0
0,0,0
0,0,0
0,0,0
0,0,0
0,0,0
0,0,0
0,0,0
0,0,0
0,0,0
0,0,0
0,0,0
0,0,0
0,0,0
0,0,0
0,0,0
0,0,0
0,0,0
0,0,0
0,0,0
0,0,0
0,0,0
0,0,0
0,0,0
0,0,0
0,0,0
0,0,0
0,0,0
0,0,0
0,0,0
0,0,0
0,0,0
0,0,0
0,0,0
0,0,0
0,0,0
0,0,0
0,0,0
0,0,0
0,0,0
0,0,0
0,0,0
0,0,0
0,0,0
0,0,0
0,0,0
0,0,0
0,0,0
0,0,0
0,0,0
0,0,0
0,0,0
0,0,0
0,0,0
0,0,0
0,0,0
0,0,0
0,0,0
0,0,0
0,0,0
0,0,0
0,0,0
0,0,0
0,0,0
0,0,0
0,0,0
0,0,0
0,0,0
0,0,0
0,0,0
0,0,0
0,0,0
0,0,0
0,0,0
0,0,0
0,0,0
0,0,0
0,0,0
0,0,0
0,0,0
0,0,0
0,0,0
0,0,0
0,0,0
0,0,0
0,0,0
0,0,0
0,0,0
0,0,0
0,0,0
0,0,0
0,0,0
0,0,0
0,0,0
0,0,0
0,0,0
0,0,0
0,0,0
0,0,0
0,0,0
0,0,0
0,0,0
0,0,0
0,0,0
0,0,0
0,0,0
0,0,0
0,0,0
0,0,0
0,0,0
0,0,0
0,0,0
0,0,0
0,0,0
0,0,0
0,0,0
0,0,0
0,0,0
0,0,0
0,0,0
0,0,0
0,0,0
0,0,0
0,0,0
0,0,0
0,0,0
0,0,0
0,0,0
0,0,0
0,0,0
0,0,0
0,0,0
0,0,0
0,0,0
0,0,0
0,0,0
0,0,0
0,0,0
0,0,0
0,0,0
0,0,0
0,0,0
0,0,0
0,0,0
0,0,0
0,0,0
0,0,0
0,0,0
0,0,0
0,0,0
0,0,0
0,0,0
0,0,0
0,0,0
0,0,0
0,0,0
0,0,0
0,0,0
0,0,0
0,0,0
0,0,0
0,0,0
0,0,0
0,0,0
0,0,0
0,0,0
0,0,0
0,0,0
0,0,0
0,0,0
0,0,0
0,0,0
0,0,0
0,0,0
0,0,0
0,0,0
0,0,0
0,0,0
0,0,0
0,0,0
0,0,0
0,0,0
0,0,0
0,0,0
0,0,0
0,0,0
0,0,0
0,0,0
0,0,0
0,0,0
0,0,0
0,0,0
0,0,0
0,0,0
0,0,0
0,0,0
0,0,0
0,0,0
0,0,0
0,0,0
0,0,0
0,0,0
0,0,0
0,0,0
0,0,0
0,0,0
0,0,0
0,0,0
0,0,0
0,0,0
0,0,0
0,0,0
0,0,0
0,0,0
0,0,0
0,0,0
0,0,0
0,0,0
0,0,0
0,0,0
0,0,0
0,0,0
0,0,0
0,0,0
0,0,0
0,0,0
0,0,0
0,0,0
0,0,0
0,0,0
0,0,0
0,0,0
0,0,0
0,0,0
0,0,0
0,0,0
0,0,0
0,0,0
0,0,0
0,0,0
0,0,0
0,0,0
0,0,0
0,0,0
0,0,0
0,0,0
0,0,0
0,0,0
0,0,0
0,0,0
0,0,0
0,0,0
0,0,0
0,0,0
0,0,0
0,0,0
0,0,0
0,0,0
0,0,0
0,0,0
0,0,0
0,0,0
0,0,0
0,0,0
0,0,0
0,0,0
0,0,0
0,0,0
0,0,0
0,0,0
0,0,0
0,0,0
0,0,0
0,0,0
0,0,0
0,0,0
0,0,0
0,0,0
0,0,0
0,0,0
0,0,0
0,0,0
0,0,0
0,0,0
0,0,0
0,0,0
0,0,0
0,0,0
0,0,0
0,0,0
0,0,0
0,0,0
0,0,0
0,0,0
0,0,0
0,0,0
0,0,0
0,0,0
0,0,0
0,0,0
0,0,0
0,0,0
0,0,0
0,0,0
0,0,0
0,0,0
0,0,0
0,0,0
0,0,0
0,0,0
0,0,0
0,0,0
0,0,0
0,0,0
0,0,0
0,0,0
0,0,0
0,0,0
0,0,0
0,0,0
0,0,0
0,0,0
0,0,0
0,0,0
0,0,0
0,0,0
0,0,0
0,0,0
0,0,0
0,0,0
0,0,0
0,0,0
0,0,0
0,0,0
0,0,0
0,0,0
0,0,0
0,0,0
0,0,0
0,0,0
0,0,0
0,0,0
0,0,0
0,0,0
0,0,0
0,0,0
0,0,0
0,0,0
0,0,0
0,0,0
0,0,0
0,0,0
0,0,0
0,0,0
0,0,0
0,0,0
0,0,0
0,0,0
0,0,0
0,0,0
0,0,0
0,0,0
0,0,0
0,0,0
0,0,0
0,0,0
0,0,0
0,0,0
0,0,0
0,0,0
0,0,0
0,0,0
0,0,0
0,0,0
0,0,0
0,0,0
0,0,0
0,0,0
0,0,0
0,0,0
0,0,0
0,0,0
0,0,0
0,0,0
0,0,0
0,0,0
0,0,0
0,0,0
0,0,0
0,0,0
0,0,0
0,0,0
0,0,0
0,0,0
0,0,0
0,0,0
0,0,0
0,0,0
0,0,0
0,0,0
0,0,0
0,0,0
0,0,0
0,0,0
0,0,0
0,0,0
0,0,0
0,0,0
0,0,0
0,0,0
0,0,0
0,0,0
0,0,0
0,0,0
0,0,0
0,0,0
0,0,0
0,0,0
0,0,0
0,0,0
0,0,0
0,0,0
0,0,0
0,0,0
0,0,0
0,0,0
0,0,0
0,0,0
0,0,0
0,0,0
0,0,0
0,0,0
0,0,0
0,0,0
0,0,0
0,0,0
0,0,0
0,0,0
0,0,0
0,0,0
0,0,0
0,0,0
0,0,0
0,0,0
0,0,0
0,0,0
0,0,0
0,0,0
0,0,0
0,0,0
0,0,0
0,0,0
0,0,0
0,0,0
0,0,0
0,0,0
0,0,0
0,0,0
0,0,0
0,0,0
0,0,0
0,0,0
0,0,0
0,0,0
0,0,0
0,0,0
0,0,0
0,0,0
0,0,0
0,0,0
0,0,0
0,0,0
0,0,0
0,0,0
0,0,0
0,0,0
0,0,0
0,0,0
0,0,0
0,0,0
0,0,0
0,0,0
0,0,0
0,0,0
0,0,0
0,0,0
0,0,0
0,0,0
0,0,0
0,0,0
0,0,0
0,0,0
0,0,0
0,0,0
0,0,0
0,0,0
0,0,0
0,0,0
0,0,0
0,0,0
0,0,0
0,0,0
0,0,0
0,0,0
0,0,0
0,0,0
0,0,0
0,0,0
0,0,0
0,0,0
0,0,0
0,0,0
0,0,0
0,0,0
0,0,0
0,0,0
0,0,0
0,0,0
0,0,0
0,0,0
0,0,0
0,0,0
0,0,0
0,0,0
0,0,0
0,0,0
0,0,0
0,0,0
0,0,0
0,0,0
0,0,0
0,0,0
0,0,0
0,0,0
0,0,0
0,0,0
0,0,0
0,0,0
0,0,0
0,0,0
0,0,0
0,0,0
0,0,0
0,0,0
0,0,0
0,0,0
0,0,0
0,0,0
0,0,0
0,0,0
0,0,0
0,0,0
0,0,0
0,0,0
0,0,0
0,0,0
0,0,0
0,0,0
0,0,0
0,0,0
0,0,0
0,0,0
0,0,0
0,0,0
0,0,0
0,0,0
0,0,0
0,0,0
0,0,0
0,0,0
0,0,0
0,0,0
0,0,0
0,0,0
0,0,0
0,0,0
0,0,0
0,0,0
0,0,0
0,0,0
0,0,0
0,0,0
0,0,0
0,0,0
0,0,0
0,0,0
0,0,0
0,0,0
0,0,0
0,0,0
0,0,0
0,0,0
0,0,0
0,0,0
0,0,0
0,0,0
0,0,0
0,0,0
0,0,0
0,0,0
0,0,0
0,0,0
0,0,0
0,0,0
0,0,0
0,0,0
0,0,0
0,0,0
0,0,0
0,0,0
0,0,0
0,0,0
0,0,0
0,0,0
0,0,0
0,0,0
0,0,0
0,0,0
0,0,0
0,0,0
0,0,0
0,0,0
0,0,0
0,0,0
0,0,0
0,0,0
0,0,0
0,0,0
0,0,0
0,0,0
0,0,0
0,0,0
0,0,0
0,0,0
0,0,0
0,0,0
0,0,0
0,0,0
0,0,0
0,0,0
0,0,0
0,0,0
0,0,0
0,0,0
0,0,0
0,0,0
0,0,0
0,0,0
0,0,0
0,0,0
0,0,0
0,0,0
0,0,0
0,0,0
0,0,0
0,0,0
0,0,0
0,0,0
0,0,0
0,0,0
0,0,0
0,0,0
0,0,0
0,0,0
0,0,0
0,0,0
0,0,0
0,0,0
0,0,0
0,0,0
0,0,0
0,0,0
0,0,0
0,0,0
0,0,0
0,0,0
0,0,0
0,0,0
0,0,0
0,0,0
0,0,0
0,0,0
0,0,0
0,0,0
0,0,0
0,0,0
0,0,0
0,0,0
0,0,0
0,0,0
0,0,0
0,0,0
0,0,0
0,0,0
0,0,0
0,0,0
0,0,0
0,0,0
0,0,0
0,0,0
0,0,0
0,0,0
0,0,0
0,0,0
0,0,0
0,0,0
0,0,0
0,0,0
0,0,0
0,0,0
0,0,0
0,0,0
0,0,0
0,0,0
0,0,0
0,0,0
0,0,0
0,0,0
0,0,0
0,0,0
0,0,0
0,0,0
0,0,0
0,0,0
0,0,0
0,0,0
0,0,0
0,0,0
0,0,0
0,0,0
0,0,0
0,0,0
0,0,0
0,0,0
0,0,0
0,0,0
0,0,0
0,0,0
0,0,0
0,0,0
0,0,0
0,0,0
0,0,0
0,0,0
0,0,0
0,0,0
0,0,0
0,0,0
0,0,0
0,0,0
0,0,0
0,0,0
0,0,0
0,0,0
0,0,0
0,0,0
0,0,0
0,0,0
0,0,0
0,0,0
0,0,0
0,0,0
0,0,0
0,0,0
0,0,0
0,0,0
0,0,0
0,0,0
0,0,0
0,0,0
0,0,0
0,0,0
0,0,0
0,0,0
0,0,0
0,0,0
0,0,0
0,0,0
0,0,0
0,0,0
0,0,0
0,0,0
0,0,0
0,0,0
0,0,0
0,0,0
0,0,0
0,0,0
0,0,0
0,0,0
0,0,0
0,0,0
0,0,0
0,0,0
0,0,0
0,0,0
0,0,0
0,0,0
0,0,0
0,0,0
0,0,0
0,0,0
0,0,0
0,0,0
0,0,0
0,0,0
0,0,0
0,0,0
0,0,0
0,0,0
0,0,0
0,0,0
0,0,0
0,0,0
0,0,0
0,0,0
0,0,0
0,0,0
0,0,0
0,0,0
0,0,0
0,0,0
0,0,0
0,0,0
0,0,0
0,0,0
0,0,0
0,0,0
0,0,0
0,0,0
0,0,0
0,0,0
0,0,0
0,0,0
0,0,0
0,0,0
0,0,0
0,0,0
0,0,0
0,0,0
0,0,0
0,0,0
0,0,0
0,0,0
0,0,0
0,0,0
0,0,0
0,0,0
0,0,0
0,0,0
0,0,0
0,0,0
0,0,0
0,0,0
0,0,0
0,0,0
0,0,0
0,0,0
0,0,0
0,0,0
0,0,0
0,0,0
0,0,0
0,0,0
0,0,0
0,0,0
0,0,0
0,0,0
0,0,0
0,0,0
0,0,0
0,0,0
0,0,0
0,0,0
0,0,0
0,0,0
0,0,0
0,0,0
0,0,0
0,0,0
0,0,0
0,0,0
0,0,0
0,0,0
0,0,0
0,0,0
0,0,0
0,0,0
0,0,0
0,0,0
0,0,0
0,0,0
0,0,0
0,0,0
0,0,0
0,0,0
0,0,0
0,0,0
0,0,0
0,0,0
0,0,0
0,0,0
0,0,0
0,0,0
0,0,0
0,0,0
0,0,0
0,0,0
0,0,0
0,0,0
0,0,0
0,0,0
0,0,0
0,0,0
0,0,0
0,0,0
0,0,0
0,0,0
0,0,0
0,0,0
0,0,0
0,0,0
0,0,0
0,0,0
0,0,0
0,0,0
0,0,0
0,0,0
0,0,0
0,0,0
0,0,0
0,0,0
0,0,0
0,0,0
0,0,0
0,0,0
0,0,0
0,0,0
0,0,0
0,0,0
0,0,0
0,0,0
0,0,0
0,0,0
0,0,0
0,0,0
0,0,0
0,0,0
0,0,0
0,0,0
0,0,0
0,0,0
0,0,0
0,0,0
0,0,0
0,0,0
0,0,0
0,0,0
0,0,0
0,0,0
0,0,0
0,0,0
0,0,0
0,0,0
0,0,0
0,0,0
0,0,0
0,0,0
0,0,0
0,0,0
0,0,0
0,0,0
0,0,0
0,0,0
0,0,0
0,0,0
0,0,0
0,0,0
0,0,0
0,0,0
0,0,0
0,0,0
0,0,0
0,0,0
0,0,0
0,0,0
0,0,0
0,0,0
0,0,0
0,0,0
0,0,0
0,0,0
0,0,0
0,0,0
0,0,0
0,0,0
0,0,0
0,0,0
0,0,0
0,0,0
0,0,0
0,0,0
0,0,0
0,0,0
0,0,0
0,0,0
0,0,0
0,0,0
0,0,0
0,0,0
0,0,0
0,0,0
0,0,0
0,0,0
0,0,0
0,0,0
0,0,0
0,0,0
0,0,0
0,0,0
0,0,0
0,0,0
0,0,0
0,0,0
0,0,0
0,0,0
0,0,0
0,0,0
0,0,0
0,0,0
0,0,0
0,0,0
0,0,0
0,0,0
0,0,0
0,0,0
0,0,0
0,0,0
0,0,0
0,0,0
0,0,0
0,0,0
0,0,0
0,0,0
0,0,0
0,0,0
0,0,0
0,0,0
0,0,0
0,0,0
0,0,0
0,0,0
0,0,0
0,0,0
0,0,0
0,0,0
0,0,0
0,0,0
0,0,0
0,0,0
0,0,0
0,0,0
0,0,0
0,0,0
0,0,0
0,0,0
0,0,0
0,0,0
0,0,0
0,0,0
0,0,0
0,0,0
0,0,0
0,0,0
0,0,0
0,0,0
0,0,0
0,0,0
0,0,0
0,0,0
0,0,0
0,0,0
0,0,0
0,0,0
0,0,0
0,0,0
0,0,0
0,0,0
0,0,0
0,0,0
0,0,0
0,0,0
0,0,0
0,0,0
0,0,0
0,0,0
0,0,0
0,0,0
0,0,0
0,0,0
0,0,0
0,0,0
0,0,0
0,0,0
0,0,0
0,0,0
0,0,0
0,0,0
0,0,0
0,0,0
0,0,0
0,0,0
0,0,0
0,0,0
0,0,0
0,0,0
0,0,0
0,0,0
0,0,0
0,0,0
0,0,0
0,0,0
0,0,0
0,0,0
0,0,0
0,0,0
0,0,0
0,0,0
0,0,0
0,0,0
0,0,0
0,0,0
0,0,0
0,0,0
0,0,0
0,0,0
0,0,0
0,0,0
0,0,0
0,0,0
0,0,0
0,0,0
0,0,0
0,0,0
0,0,0
0,0,0
0,0,0
0,0,0
0,0,0
0,0,0
0,0,0
0,0,0
0,0,0
0,0,0
0,0,0
0,0,0
0,0,0
0,0,0
0,0,0
0,0,0
0,0,0
0,0,0
0,0,0
0,0,0
0,0,0
0,0,0
0,0,0
0,0,0
0,0,0
0,0,0
0,0,0
0,0,0
0,0,0
0,0,0
0,0,0
0,0,0
0,0,0
0,0,0
0,0,0
0,0,0
0,0,0
0,0,0
0,0,0
0,0,0
0,0,0
0,0,0
0,0,0
0,0,0
0,0,0
0,0,0
0,0,0
0,0,0
0,0,0
0,0,0
0,0,0
0,0,0
0,0,0
0,0,0
0,0,0
0,0,0
0,0,0
0,0,0
0,0,0
0,0,0
0,0,0
0,0,0
0,0,0
0,0,0
0,0,0
0,0,0
0,0,0
0,0,0
0,0,0
0,0,0
0,0,0
0,0,0
0,0,0
0,0,0
0,0,0
0,0,0
0,0,0
0,0,0
0,0,0
0,0,0
0,0,0
0,0,0
0,0,0
0,0,0
0,0,0
0,0,0
0,0,0
0,0,0
0,0,0
0,0,0
0,0,0
0,0,0
0,0,0
0,0,0
0,0,0
0,0,0
0,0,0
0,0,0
0,0,0
0,0,0
0,0,0
0,0,0
0,0,0
0,0,0
0,0,0
0,0,0
0,0,0
0,0,0
0,0,0
0,0,0
0,0,0
0,0,0
0,0,0
0,0,0
0,0,0
0,0,0
0,0,0
0,0,0
0,0,0
0,0,0
0,0,0
0,0,0
0,0,0
0,0,0
0,0,0
0,0,0
0,0,0
0,0,0
0,0,0
0,0,0
0,0,0
0,0,0
0,0,0
0,0,0
0,0,0
0,0,0
0,0,0
0,0,0
0,0,0
0,0,0
0,0,0
0,0,0
0,0,0
0,0,0
0,0,0
0,0,0
0,0,0
0,0,0
0,0,0
0,0,0
0,0,0
0,0,0
0,0,0
0,0,0
0,0,0
0,0,0
0,0,0
0,0,0
0,0,0
0,0,0
0,0,0
0,0,0
0,0,0
0,0,0
0,0,0
0,0,0
0,0,0
0,0,0
0,0,0
0,0,0
0,0,0
0,0,0
0,0,0
0,0,0
0,0,0
0,0,0
0,0,0
0,0,0
0,0,0
0,0,0
0,0,0
0,0,0
0,0,0
0,0,0
0,0,0
0,0,0
0,0,0
0,0,0
0,0,0
0,0,0
0,0,0
0,0,0
0,0,0
0,0,0
0,0,0
0,0,0
0,0,0
0,0,0
0,0,0
0,0,0
0,0,0
0,0,0
0,0,0
0,0,0
0,0,0
0,0,0
0,0,0
0,0,0
0,0,0
0,0,0
0,0,0
0,0,0
0,0,0
0,0,0
0,0,0
0,0,0
0,0,0
0,0,0
0,0,0
0,0,0
0,0,0
0,0,0
0,0,0
0,0,0
0,0,0
0,0,0
0,0,0
0,0,0
0,0,0
0,0,0
0,0,0
0,0,0
0,0,0
0,0,0
0,0,0
0,0,0
0,0,0
0,0,0
0,0,0
0,0,0
0,0,0
0,0,0
0,0,0
0,0,0
0,0,0
0,0,0
0,0,0
0,0,0
0,0,0
0,0,0
0,0,0
0,0,0
0,0,0
0,0,0
0,0,0
0,0,0
0,0,0
0,0,0
0,0,0
0,0,0
0,0,0
0,0,0
0,0,0
0,0,0
0,0,0
0,0,0
0,0,0
0,0,0
0,0,0
0,0,0
0,0,0
0,0,0
0,0,0
0,0,0
0,0,0
0,0,0
0,0,0
0,0,0
0,0,0
0,0,0
0,0,0
0,0,0
0,0,0
0,0,0
0,0,0
0,0,0
0,0,0
0,0,0
0,0,0
0,0,0
0,0,0
0,0,0
0,0,0
0,0,0
0,0,0
0,0,0
0,0,0
0,0,0
0,0,0
0,0,0
0,0,0
0,0,0
0,0,0
0,0,0
0,0,0
0,0,0
0,0,0
0,0,0
0,0,0
0,0,0
0,0,0
0,0,0
0,0,0
0,0,0
0,0,0
0,0,0
0,0,0
0,0,0
0,0,0
0,0,0
0,0,0
0,0,0
0,0,0
0,0,0
0,0,0
0,0,0
0,0,0
0,0,0
0,0,0
0,0,0
0,0,0
0,0,0
0,0,0
0,0,0
0,0,0
0,0,0
0,0,0
0,0,0
0,0,0
0,0,0
0,0,0
0,0,0
0,0,0
0,0,0
0,0,0
0,0,0
0,0,0
0,0,0
0,0,0
0,0,0
0,0,0
0,0,0
0,0,0
0,0,0
0,0,0
0,0,0
0,0,0
0,0,0
0,0,0
0,0,0
0,0,0
0,0,0
0,0,0
0,0,0
0,0,0
0,0,0
0,0,0
0,0,0
0,0,0
0,0,0
0,0,0
0,0,0
0,0,0
0,0,0
0,0,0
0,0,0
0,0,0
0,0,0
0,0,0
0,0,0
0,0,0
0,0,0
0,0,0
0,0,0
0,0,0
0,0,0
0,0,0
0,0,0
0,0,0
0,0,0
0,0,0
0,0,0
0,0,0
0,0,0
0,0,0
0,0,0
0,0,0
0,0,0
0,0,0
0,0,0
0,0,0
0,0,0
0,0,0
0,0,0
0,0,0
0,0,0
0,0,0
0,0,0
0,0,0
0,0,0
0,0,0
0,0,0
0,0,0
0,0,0
0,0,0
0,0,0
0,0,0
0,0,0
0,0,0
0,0,0
0,0,0
0,0,0
0,0,0
0,0,0
0,0,0
0,0,0
0,0,0
0,0,0
0,0,0
0,0,0
0,0,0
0,0,0
0,0,0
0,0,0
0,0,0
0,0,0
0,0,0
0,0,0
0,0,0
0,0,0
0,0,0
0,0,0
0,0,0
0,0,0
0,0,0
0,0,0
0,0,0
0,0,0
0,0,0
0,0,0
0,0,0
0,0,0
0,0,0
0,0,0
0,0,0
0,0,0
0,0,0
0,0,0
0,0,0
0,0,0
0,0,0
0,0,0
0,0,0
0,0,0
0,0,0
0,0,0
0,0,0
0,0,0
0,0,0
0,0,0
0,0,0
0,0,0
0,0,0
0,0,0
0,0,0
0,0,0
0,0,0
0,0,0
0,0,0
0,0,0
0,0,0
0,0,0
0,0,0
0,0,0
0,0,0
0,0,0
0,0,0
0,0,0
0,0,0
0,0,0
0,0,0
0,0,0
0,0,0
0,0,0
0,0,0
0,0,0
0,0,0
0,0,0
0,0,0
0,0,0
0,0,0
0,0,0
0,0,0
0,0,0
0,0,0
0,0,0
0,0,0
0,0,0
0,0,0
0,0,0
0,0,0
0,0,0
0,0,0
0,0,0
0,0,0
0,0,0
0,0,0
0,0,0
0,0,0
0,0,0
0,0,0
0,0,0
0,0,0
0,0,0
0,0,0
0,0,0
0,0,0
0,0,0
0,0,0
0,0,0
0,0,0
0,0,0
0,0,0
0,0,0
0,0,0
0,0,0
0,0,0
0,0,0
0,0,0
0,0,0
0,0,0
0,0,0
0,0,0
0,0,0
0,0,0
0,0,0
0,0,0
0,0,0
0,0,0
0,0,0
0,0,0
0,0,0
0,0,0
0,0,0
0,0,0
0,0,0
0,0,0
0,0,0
0,0,0
0,0,0
0,0,0
0,0,0
0,0,0
0,0,0
0,0,0
0,0,0
0,0,0
0,0,0
0,0,0
0,0,0
0,0,0
0,0,0
0,0,0
0,0,0
0,0,0
0,0,0
0,0,0
0,0,0
0,0,0
0,0,0
0,0,0
0,0,0
0,0,0
0,0,0
0,0,0
0,0,0
0,0,0
0,0,0
0,0,0
0,0,0
0,0,0
0,0,0
0,0,0
0,0,0
0,0,0
0,0,0
0,0,0
0,0,0
0,0,0
0,0,0
0,0,0
0,0,0
0,0,0
0,0,0
0,0,0
0,0,0
0,0,0
0,0,0
0,0,0
0,0,0
0,0,0
0,0,0
0,0,0
0,0,0
0,0,0
0,0,0
0,0,0
0,0,0
0,0,0
0,0,0
0,0,0
0,0,0
0,0,0
0,0,0
0,0,0
0,0,0
0,0,0
0,0,0
0,0,0
0,0,0
0,0,0
0,0,0
0,0,0
0,0,0
0,0,0
0,0,0
0,0,0
0,0,0
0,0,0
0,0,0
0,0,0
0,0,0
0,0,0
0,0,0
0,0,0
0,0,0
0,0,0
0,0,0
0,0,0
0,0,0
0,0,0
0,0,0
0,0,0
0,0,0
0,0,0
0,0,0
0,0,0
0,0,0
0,0,0
0,0,0
0,0,0
0,0,0
0,0,0
0,0,0
0,0,0
0,0,0
0,0,0
0,0,0
0,0,0
0,0,0
0,0,0
0,0,0
0,0,0
0,0,0
0,0,0
0,0,0
0,0,0
0,0,0
0,0,0
0,0,0
0,0,0
0,0,0
0,0,0
0,0,0
0,0,0
0,0,0
0,0,0
0,0,0
0,0,0
0,0,0
0,0,0
0,0,0
0,0,0
0,0,0
0,0,0
0,0,0
0,0,0
0,0,0
0,0,0
0,0,0
0,0,0
0,0,0
0,0,0
0,0,0
0,0,0
0,0,0
0,0,0
0,0,0
0,0,0
0,0,0
0,0,0
0,0,0
0,0,0
0,0,0
0,0,0
0,0,0
0,0,0
0,0,0
0,0,0
0,0,0
0,0,0
0,0,0
0,0,0
0,0,0
0,0,0
0,0,0
0,0,0
0,0,0
0,0,0
0,0,0
0,0,0
0,0,0
0,0,0
0,0,0
0,0,0
0,0,0
0,0,0
0,0,0
0,0,0
0,0,0
0,0,0
0,0,0
0,0,0
0,0,0
0,0,0
0,0,0
0,0,0
0,0,0
0,0,0
0,0,0
0,0,0
0,0,0
0,0,0
0,0,0
0,0,0
0,0,0
0,0,0
0,0,0
0,0,0
0,0,0
0,0,0
0,0,0
0,0,0
0,0,0
0,0,0
0,0,0
0,0,0
0,0,0
0,0,0
0,0,0
0,0,0
0,0,0
0,0,0
0,0,0
0,0,0
0,0,0
0,0,0
0,0,0
0,0,0
0,0,0
0,0,0
0,0,0
0,0,0
0,0,0
0,0,0
0,0,0
0,0,0
0,0,0
0,0,0
0,0,0
0,0,0
0,0,0
0,0,0
0,0,0
0,0,0
0,0,0
0,0,0
0,0,0
0,0,0
0,0,0
0,0,0
0,0,0
0,0,0
0,0,0
0,0,0
0,0,0
0,0,0
0,0,0
0,0,0
0,0,0
0,0,0
0,0,0
0,0,0
0,0,0
0,0,0
0,0,0
0,0,0
0,0,0
0,0,0
0,0,0
0,0,0
0,0,0
0,0,0
0,0,0
0,0,0
0,0,0
0,0,0
0,0,0
0,0,0
0,0,0
0,0,0
0,0,0
0,0,0
0,0,0
0,0,0
0,0,0
0,0,0
0,0,0
0,0,0
0,0,0
0,0,0
0,0,0
0,0,0
0,0,0
0,0,0
0,0,0
0,0,0
0,0,0
0,0,0
0,0,0
0,0,0
0,0,0
0,0,0
0,0,0
0,0,0
0,0,0
0,0,0
0,0,0
0,0,0
0,0,0
0,0,0
0,0,0
0,0,0
0,0,0
0,0,0
0,0,0
0,0,0
0,0,0
0,0,0
0,0,0
0,0,0
0,0,0
0,0,0
0,0,0
0,0,0
0,0,0
0,0,0
0,0,0
0,0,0
0,0,0
0,0,0
0,0,0
0,0,0
0,0,0
0,0,0
0,0,0
0,0,0
0,0,0
0,0,0
0,0,0
0,0,0
0,0,0
0,0,0
0,0,0
0,0,0
0,0,0
0,0,0
0,0,0
0,0,0
0,0,0
0,0,0
0,0,0
0,0,0
0,0,0
0,0,0
0,0,0
0,0,0
0,0,0
0,0,0
0,0,0
0,0,0
0,0,0
0,0,0
0,0,0
0,0,0
0,0,0
0,0,0
0,0,0
0,0,0
0,0,0
0,0,0
0,0,0
0,0,0
0,0,0
0,0,0
0,0,0
0,0,0
0,0,0
0,0,0
0,0,0
0,0,0
0,0,0
0,0,0
0,0,0
0,0,0
0,0,0
0,0,0
0,0,0
0,0,0
0,0,0
0,0,0
0,0,0
0,0,0
0,0,0
0,0,0
0,0,0
0,0,0
0,0,0
0,0,0
0,0,0
0,0,0
0,0,0
0,0,0
0,0,0
0,0,0
0,0,0
0,0,0
0,0,0
0,0,0
0,0,0
0,0,0
0,0,0
0,0,0
0,0,0
0,0,0
0,0,0
0,0,0
0,0,0
0,0,0
0,0,0
0,0,0
0,0,0
0,0,0
0,0,0
0,0,0
0,0,0
0,0,0
0,0,0
0,0,0
0,0,0
0,0,0
0,0,0
0,0,0
0,0,0
0,0,0
0,0,0
0,0,0
0,0,0
0,0,0
0,0,0
0,0,0
0,0,0
0,0,0
0,0,0
0,0,0
0,0,0
0,0,0
0,0,0
0,0,0
0,0,0
0,0,0
0,0,0
0,0,0
0,0,0
0,0,0
0,0,0
0,0,0
0,0,0
0,0,0
0,0,0
0,0,0
0,0,0
0,0,0
0,0,0
0,0,0
0,0,0
0,0,0
0,0,0
0,0,0
0,0,0
0,0,0
0,0,0
0,0,0
0,0,0
0,0,0
0,0,0
0,0,0
0,0,0
0,0,0
0,0,0
0,0,0
0,0,0
0,0,0
0,0,0
0,0,0
0,0,0
0,0,0
0,0,0
0,0,0
0,0,0
0,0,0
0,0,0
0,0,0
0,0,0
0,0,0
0,0,0
0,0,0
0,0,0
0,0,0
0,0,0
0,0,0
0,0,0
0,0,0
0,0,0
0,0,0
0,0,0
0,0,0
0,0,0
0,0,0
0,0,0
0,0,0
0,0,0
0,0,0
0,0,0
0,0,0
0,0,0
0,0,0
0,0,0
0,0,0
0,0,0
0,0,0
0,0,0
0,0,0
0,0,0
0,0,0
0,0,0
0,0,0
0,0,0
0,0,0
0,0,0
0,0,0
0,0,0
0,0,0
0,0,0
0,0,0
0,0,0
0,0,0
0,0,0
0,0,0
0,0,0
0,0,0
0,0,0
0,0,0
0,0,0
0,0,0
0,0,0
0,0,0
0,0,0
0,0,0
0,0,0
0,0,0
0,0,0
0,0,0
0,0,0
0,0,0
0,0,0
0,0,0
0,0,0
0,0,0
0,0,0
0,0,0
0,0,0
0,0,0
0,0,0
0,0,0
0,0,0
0,0,0
0,0,0
0,0,0
0,0,0
0,0,0
0,0,0
0,0,0
0,0,0
0,0,0
0,0,0
0,0,0
0,0,0
0,0,0
0,0,0
0,0,0
0,0,0
0,0,0
0,0,0
0,0,0
0,0,0
0,0,0
0,0,0
0,0,0
0,0,0
0,0,0
0,0,0
0,0,0
0,0,0
0,0,0
0,0,0
0,0,0
0,0,0
0,0,0
0,0,0
0,0,0
0,0,0
0,0,0
0,0,0
0,0,0
0,0,0
0,0,0
0,0,0
0,0,0
0,0,0
0,0,0
0,0,0
0,0,0
0,0,0
0,0,0
0,0,0
0,0,0
0,0,0
0,0,0
0,0,0
0,0,0
0,0,0
0,0,0
0,0,0
0,0,0
0,0,0
0,0,0
0,0,0
0,0,0
0,0,0
0,0,0
0,0,0
0,0,0
0,0,0
0,0,0
0,0,0
0,0,0
0,0,0
0,0,0
0,0,0
0,0,0
0,0,0
0,0,0
0,0,0
0,0,0
0,0,0
0,0,0
0,0,0
0,0,0
0,0,0
0,0,0
0,0,0
0,0,0
0,0,0
0,0,0
0,0,0
0,0,0
0,0,0
0,0,0
0,0,0
0,0,0
0,0,0
0,0,0
0,0,0
0,0,0
0,0,0
0,0,0
0,0,0
0,0,0
0,0,0
0,0,0
0,0,0
0,0,0
0,0,0
0,0,0
0,0,0
0,0,0
0,0,0
0,0,0
0,0,0
0,0,0
0,0,0
0,0,0
0,0,0
0,0,0
0,0,0
0,0,0
0,0,0
0,0,0
0,0,0
0,0,0
0,0,0
0,0,0
0,0,0
0,0,0
0,0,0
0,0,0
0,0,0
0,0,0
0,0,0
0,0,0
0,0,0
0,0,0
0,0,0
0,0,0
0,0,0
0,0,0
0,0,0
0,0,0
0,0,0
0,0,0
0,0,0
0,0,0
0,0,0
0,0,0
0,0,0
0,0,0
0,0,0
0,0,0
0,0,0
0,0,0
0,0,0
0,0,0
0,0,0
0,0,0
0,0,0
0,0,0
0,0,0
0,0,0
0,0,0
0,0,0
0,0,0
0,0,0
0,0,0
0,0,0
0,0,0
0,0,0
0,0,0
0,0,0
0,0,0
0,0,0
0,0,0
0,0,0
0,0,0
0,0,0
0,0,0
0,0,0
0,0,0
0,0,0
0,0,0
0,0,0
0,0,0
0,0,0
0,0,0
0,0,0
0,0,0
0,0,0
0,0,0
0,0,0
0,0,0
0,0,0
0,0,0
0,0,0
0,0,0
0,0,0
0,0,0
0,0,0
0,0,0
0,0,0
0,0,0
0,0,0
0,0,0
0,0,0
0,0,0
0,0,0
0,0,0
0,0,0
0,0,0
0,0,0
0,0,0
0,0,0
0,0,0
0,0,0
0,0,0
0,0,0
0,0,0
0,0,0
0,0,0
0,0,0
0,0,0
0,0,0
0,0,0
0,0,0
0,0,0
0,0,0
0,0,0
0,0,0
0,0,0
0,0,0
0,0,0
0,0,0
0,0,0
0,0,0
0,0,0
0,0,0
0,0,0
0,0,0
0,0,0
0,0,0
0,0,0
0,0,0
0,0,0
0,0,0
0,0,0
0,0,0
0,0,0
0,0,0
0,0,0
0,0,0
0,0,0
0,0,0
0,0,0
0,0,0
0,0,0
0,0,0
0,0,0
0,0,0
0,0,0
0,0,0
0,0,0
0,0,0
0,0,0
0,0,0
0,0,0
0,0,0
0,0,0
0,0,0
0,0,0
0,0,0
0,0,0
0,0,0
0,0,0
0,0,0
0,0,0
0,0,0
0,0,0
0,0,0
0,0,0
0,0,0
0,0,0
0,0,0
0,0,0
0,0,0
0,0,0
0,0,0
0,0,0
0,0,0
0,0,0
0,0,0
0,0,0
0,0,0
0,0,0
0,0,0
0,0,0
0,0,0
0,0,0
0,0,0
0,0,0
0,0,0
0,0,0
0,0,0
0,0,0
0,0,0
0,0,0
0,0,0
0,0,0
0,0,0
0,0,0
0,0,0
0,0,0
0,0,0
0,0,0
0,0,0
0,0,0
0,0,0
0,0,0
0,0,0
0,0,0
0,0,0
0,0,0
0,0,0
0,0,0
0,0,0
0,0,0
0,0,0
0,0,0
0,0,0
0,0,0
0,0,0
0,0,0
0,0,0
0,0,0
0,0,0
0,0,0
0,0,0
0,0,0
0,0,0
0,0,0
0,0,0
0,0,0
0,0,0
0,0,0
0,0,0
0,0,0
0,0,0
0,0,0
0,0,0
0,0,0
0,0,0
0,0,0
0,0,0
0,0,0
0,0,0
0,0,0
0,0,0
0,0,0
0,0,0
0,0,0
0,0,0
0,0,0
0,0,0
0,0,0
0,0,0
0,0,0
0,0,0
0,0,0
0,0,0
0,0,0
0,0,0
0,0,0
0,0,0
0,0,0
0,0,0
0,0,0
0,0,0
0,0,0
0,0,0
0,0,0
0,0,0
0,0,0
0,0,0
0,0,0
0,0,0
0,0,0
0,0,0
0,0,0
0,0,0
0,0,0
0,0,0
0,0,0
0,0,0
0,0,0
0,0,0
0,0,0
0,0,0
0,0,0
0,0,0
0,0,0
0,0,0
0,0,0
0,0,0
0,0,0
0,0,0
0,0,0
0,0,0
0,0,0
0,0,0
0,0,0
0,0,0
0,0,0
0,0,0
0,0,0
0,0,0
0,0,0
0,0,0
0,0,0
0,0,0
0,0,0
0,0,0
0,0,0
0,0,0
0,0,0
0,0,0
0,0,0
0,0,0
0,0,0
0,0,0
0,0,0
0,0,0
0,0,0
0,0,0
0,0,0
0,0,0
0,0,0
0,0,0
0,0,0
0,0,0
0,0,0
0,0,0
0,0,0
0,0,0
0,0,0
0,0,0
0,0,0
0,0,0
0,0,0
0,0,0
0,0,0
0,0,0
0,0,0
0,0,0
0,0,0
0,0,0
0,0,0
0,0,0
0,0,0
0,0,0
0,0,0
0,0,0
0,0,0
0,0,0
0,0,0
0,0,0
0,0,0
0,0,0
0,0,0
0,0,0
0,0,0
0,0,0
0,0,0
0,0,0
0,0,0
0,0,0
0,0,0
0,0,0
0,0,0
0,0,0
0,0,0
0,0,0
0,0,0
0,0,0
0,0,0
0,0,0
0,0,0
0,0,0
0,0,0
0,0,0
0,0,0
0,0,0
0,0,0
0,0,0
0,0,0
0,0,0
0,0,0
0,0,0
0,0,0
0,0,0
0,0,0
0,0,0
0,0,0
0,0,0
0,0,0
0,0,0
0,0,0
0,0,0
0,0,0
0,0,0
0,0,0
0,0,0
0,0,0
0,0,0
0,0,0
0,0,0
0,0,0
0,0,0
0,0,0
0,0,0
0,0,0
0,0,0
0,0,0
0,0,0
0,0,0
0,0,0
0,0,0
0,0,0
0,0,0
0,0,0
0,0,0
0,0,0
0,0,0
0,0,0
0,0,0
0,0,0
0,0,0
0,0,0
0,0,0
0,0,0
0,0,0
0,0,0
0,0,0
0,0,0
0,0,0
0,0,0
0,0,0
0,0,0
0,0,0
0,0,0
0,0,0
0,0,0
0,0,0
0,0,0
0,0,0
0,0,0
0,0,0
0,0,0
0,0,0
0,0,0
0,0,0
0,0,0
0,0,0
0,0,0
0,0,0
0,0,0
0,0,0
0,0,0
0,0,0
0,0,0
0,0,0
0,0,0
0,0,0
0,0,0
0,0,0
0,0,0
0,0,0
0,0,0
0,0,0
0,0,0
0,0,0
0,0,0
0,0,0
0,0,0
0,0,0
0,0,0
0,0,0
0,0,0
0,0,0
0,0,0
0,0,0
0,0,0
0,0,0
0,0,0
0,0,0
0,0,0
0,0,0
0,0,0
0,0,0
0,0,0
0,0,0
0,0,0
0,0,0
0,0,0
0,0,0
0,0,0
0,0,0
0,0,0
0,0,0
0,0,0
0,0,0
0,0,0
0,0,0
0,0,0
0,0,0
0,0,0
0,0,0
0,0,0
0,0,0
0,0,0
0,0,0
0,0,0
0,0,0
0,0,0
0,0,0
0,0,0
0,0,0
0,0,0
0,0,0
0,0,0
0,0,0
0,0,0
0,0,0
0,0,0
0,0,0
0,0,0
0,0,0
0,0,0
0,0,0
0,0,0
0,0,0
0,0,0
0,0,0
0,0,0
0,0,0
0,0,0
0,0,0
0,0,0
0,0,0
0,0,0
0,0,0
0,0,0
0,0,0
0,0,0
0,0,0
0,0,0
0,0,0
0,0,0
0,0,0
0,0,0
0,0,0
0,0,0
0,0,0
0,0,0
0,0,0
0,0,0
0,0,0
0,0,0
0,0,0
0,0,0
0,0,0
0,0,0
0,0,0
0,0,0
0,0,0
0,0,0
0,0,0
0,0,0
0,0,0
0,0,0
0,0,0
0,0,0
0,0,0
0,0,0
0,0,0
0,0,0
0,0,0
0,0,0
0,0,0
0,0,0
0,0,0
0,0,0
0,0,0
0,0,0
0,0,0
0,0,0
0,0,0
0,0,0
0,0,0
0,0,0
0,0,0
0,0,0
0,0,0
0,0,0
0,0,0
0,0,0
0,0,0
0,0,0
0,0,0
0,0,0
0,0,0
0,0,0
0,0,0
0,0,0
0,0,0
0,0,0
0,0,0
0,0,0
0,0,0
0,0,0
0,0,0
0,0,0
0,0,0
0,0,0
0,0,0
0,0,0
0,0,0
0,0,0
0,0,0
0,0,0
0,0,0
0,0,0
0,0,0
0,0,0
0,0,0
0,0,0
0,0,0
0,0,0
0,0,0
0,0,0
0,0,0
0,0,0
0,0,0
0,0,0
0,0,0
0,0,0
0,0,0
0,0,0
0,0,0
0,0,0
0,0,0
0,0,0
0,0,0
0,0,0
0,0,0
0,0,0
0,0,0
0,0,0
0,0,0
0,0,0
0,0,0
0,0,0
0,0,0
0,0,0
0,0,0
0,0,0
0,0,0
0,0,0
0,0,0
0,0,0
0,0,0
0,0,0
0,0,0
0,0,0
0,0,0
0,0,0
0,0,0
0,0,0
0,0,0
0,0,0
0,0,0
0,0,0
0,0,0
0,0,0
0,0,0
0,0,0
0,0,0
0,0,0
0,0,0
0,0,0
0,0,0
0,0,0
0,0,0
0,0,0
0,0,0
0,0,0
0,0,0
0,0,0
0,0,0
0,0,0
0,0,0
0,0,0
0,0,0
0,0,0
0,0,0
0,0,0
0,0,0
0,0,0
0,0,0
0,0,0
0,0,0
0,0,0
0,0,0
0,0,0
0,0,0
0,0,0
0,0,0
0,0,0
0,0,0
0,0,0
0,0,0
0,0,0
0,0,0
0,0,0
0,0,0
0,0,0
0,0,0
0,0,0
0,0,0
0,0,0
0,0,0
0,0,0
0,0,0
0,0,0
0,0,0
0,0,0
0,0,0
0,0,0
0,0,0
0,0,0
0,0,0
0,0,0
0,0,0
0,0,0
0,0,0
0,0,0
0,0,0
0,0,0
0,0,0
0,0,0
0,0,0
0,0,0
0,0,0
0,0,0
0,0,0
0,0,0
0,0,0
0,0,0
0,0,0
0,0,0
0,0,0
0,0,0
0,0,0
0,0,0
0,0,0
0,0,0
0,0,0
0,0,0
0,0,0
0,0,0
0,0,0
0,0,0
0,0,0
0,0,0
0,0,0
0,0,0
0,0,0
0,0,0
0,0,0
0,0,0
0,0,0
0,0,0
0,0,0
0,0,0
0,0,0
0,0,0
0,0,0
0,0,0
0,0,0
0,0,0
0,0,0
0,0,0
0,0,0
0,0,0
0,0,0
0,0,0
0,0,0
0,0,0
0,0,0
0,0,0
0,0,0
0,0,0
0,0,0
0,0,0
0,0,0
0,0,0
0,0,0
0,0,0
0,0,0
0,0,0
0,0,0
0,0,0
0,0,0
0,0,0
0,0,0
0,0,0
0,0,0
0,0,0
0,0,0
0,0,0
0,0,0
0,0,0
0,0,0
0,0,0
0,0,0
0,0,0
0,0,0
0,0,0
0,0,0
0,0,0
0,0,0
0,0,0
0,0,0
0,0,0
0,0,0
0,0,0
0,0,0
0,0,0
0,0,0
0,0,0
0,0,0
0,0,0
0,0,0
0,0,0
0,0,0
0,0,0
0,0,0
0,0,0
0,0,0
0,0,0
0,0,0
0,0,0
0,0,0
0,0,0
0,0,0
0,0,0
0,0,0
0,0,0
0,0,0
0,0,0
0,0,0
0,0,0
0,0,0
0,0,0
0,0,0
0,0,0
0,0,0
0,0,0
0,0,0
0,0,0
0,0,0
0,0,0
0,0,0
0,0,0
0,0,0
0,0,0
0,0,0
0,0,0
0,0,0
0,0,0
0,0,0
0,0,0
0,0,0
0,0,0
0,0,0
0,0,0
0,0,0
0,0,0
0,0,0
0,0,0
0,0,0
0,0,0
0,0,0
0,0,0
0,0,0
0,0,0
0,0,0
0,0,0
0,0,0
0,0,0
0,0,0
0,0,0
0,0,0
0,0,0
0,0,0
0,0,0
0,0,0
0,0,0
0,0,0
0,0,0
0,0,0
0,0,0
0,0,0
0,0,0
0,0,0
0,0,0
0,0,0
0,0,0
0,0,0
0,0,0
0,0,0
0,0,0
0,0,0
0,0,0
0,0,0
0,0,0
0,0,0
0,0,0
0,0,0
0,0,0
0,0,0
0,0,0
0,0,0
0,0,0
0,0,0
0,0,0
0,0,0
0,0,0
0,0,0
0,0,0
0,0,0
0,0,0
0,0,0
0,0,0
0,0,0
0,0,0
0,0,0
0,0,0
0,0,0
0,0,0
0,0,0
0,0,0
0,0,0
0,0,0
0,0,0
0,0,0
0,0,0
0,0,0
0,0,0
0,0,0
0,0,0
0,0,0
0,0,0
0,0,0
0,0,0
0,0,0
0,0,0
0,0,0
0,0,0
0,0,0
0,0,0
0,0,0
0,0,0
0,0,0
0,0,0
0,0,0
0,0,0
0,0,0
0,0,0
0,0,0
0,0,0
0,0,0
0,0,0
0,0,0
0,0,0
0,0,0
0,0,0
0,0,0
0,0,0
0,0,0
0,0,0
0,0,0
0,0,0
0,0,0
0,0,0
0,0,0
0,0,0
0,0,0
0,0,0
0,0,0
0,0,0
0,0,0
0,0,0
0,0,0
0,0,0
0,0,0
0,0,0
0,0,0
0,0,0
0,0,0
0,0,0
0,0,0
0,0,0
0,0,0
0,0,0
0,0,0
0,0,0
0,0,0
0,0,0
0,0,0
0,0,0
0,0,0
0,0,0
0,0,0
0,0,0
0,0,0
0,0,0
0,0,0
0,0,0
0,0,0
0,0,0
0,0,0
0,0,0
0,0,0
0,0,0
0,0,0
0,0,0
0,0,0
0,0,0
0,0,0
0,0,0
0,0,0
0,0,0
0,0,0
0,0,0
0,0,0
0,0,0
0,0,0
0,0,0
0,0,0
0,0,0
0,0,0
0,0,0
0,0,0
0,0,0
0,0,0
0,0,0
0,0,0
0,0,0
0,0,0
0,0,0
0,0,0
0,0,0
0,0,0
0,0,0
0,0,0
0,0,0
0,0,0
0,0,0
0,0,0
0,0,0
0,0,0
0,0,0
0,0,0
0,0,0
0,0,0
0,0,0
0,0,0
0,0,0
0,0,0
0,0,0
0,0,0
0,0,0
0,0,0
0,0,0
0,0,0
0,0,0
0,0,0
0,0,0
0,0,0
0,0,0
0,0,0
0,0,0
0,0,0
0,0,0
0,0,0
0,0,0
0,0,0
0,0,0
0,0,0
0,0,0
0,0,0
0,0,0
0,0,0
0,0,0
0,0,0
0,0,0
0,0,0
0,0,0
0,0,0
0,0,0
0,0,0
0,0,0
0,0,0
0,0,0
0,0,0
0,0,0
0,0,0
0,0,0
0,0,0
0,0,0
0,0,0
0,0,0
0,0,0
0,0,0
0,0,0
0,0,0
0,0,0
0,0,0
0,0,0
0,0,0
0,0,0
0,0,0
0,0,0
0,0,0
0,0,0
0,0,0
0,0,0
0,0,0
0,0,0
0,0,0
0,0,0
0,0,0
0,0,0
0,0,0
0,0,0
0,0,0
0,0,0
0,0,0
0,0,0
0,0,0
0,0,0
0,0,0
0,0,0
0,0,0
0,0,0
0,0,0
0,0,0
0,0,0
