860
1010
982
649
929
1022
800
941
652
784
990
940
865
680
793
629
649
751
707
1004
749
785
830
837
843
857
969
896
920
939
707
655
621
877
688
771
679
683
1006
877
741
896
972
867
932
727
873
846
943
845
944
819
692
1017
937
772
667
710
839
825
738
844
905
630
738
729
940
732
823
804
1008
994
649
688
874
658
785
936
700
1019
927
650
767
748
1021
769
954
940
858
907
867
966
656
951
873
732
1014
929
787
756
859
905
770
1014
785
654
743
621
745
803
811
1001
870
822
730
926
902
984
817
890
886
930
688
991
789
744
953
869
890
773
652
620
779
673
910
835
883
743
898
898
967
732
931
677
635
723
936
695
970
965
646
863
888
904
687
931
629
781
953
981
681
851
876
959
760
658
793
999
822
729
920
670
640
897
995
978
627
699
646
718
901
666
867
1018
830
890
989
736
877
982
811
855
916
707
739
998
907
931
706
895
923
879
1020
1016
708
881
998
1008
728
1017
930
709
672
992
897
764
929
967
718
649
685
911
757
762
762
1018
801
685
1003
797
759
804
799
900
838
855
616
996
1022
795
929
1013
705
896
937
709
697
979
768
974
939
902
628
799
807
665
976
763
802
1007
809
977
771
931
959
861
801
948
704
953
971
1021
822
802
1015
800
782
801
1018
968
961
916
753
954
678
637
643
916
784
904
779
902
668
671
922
679
979
754
931
763
814
837
994
900
938
841
656
917
785
1013
635
737
647
867
733
657
784
908
830
894
987
759
815
677
706
697
644
952
627
732
894
980
957
796
833
697
866
737
929
730
641
616
821
653
739
827
817
988
849
968
878
880
804
637
1018
733
774
620
628
959
823
814
882
804
819
896
624
1003
616
622
763
707
889
906
884
943
1023
797
636
783
978
783
637
845
670
869
965
776
723
758
748
683
637
624
800
761
775
735
977
915
791
751
960
883
649
676
946
873
818
690
945
710
683
841
773
1006
793
979
916
930
675
777
699
965
860
917
992
866
911
720
939
1000
973
852
805
847
677
857
651
706
1004
775
813
1017
747
757
881
847
858
799
772
998
788
941
735
985
1005
802
818
697
912
824
663
847
781
829
958
929
940
695
957
867
789
960
773
887
720
907
766
634
828
889
863
855
716
998
900
814
1012
956
843
686
768
901
642
766
1008
972
893
795
691
688
666
817
749
683
619
1001
789
1018
965
730
754
691
781
880
653
659
750
745
728
870
685
660
1001
897
910
668
889
730
679
754
660
933
824
903
681
998
855
934
908
1016
1002
640
899
704
981
671
890
752
1007
852
762
729
841
704
756
711
681
680
1004
745
911
869
702
1013
973
838
693
1003
998
895
982
722
818
711
716
904
864
693
984
899
642
868
896
963
730
957
919
677
674
618
904
958
884
832
662
931
927
778
651
745
700
995
819
887
648
751
953
981
672
616
841
616
774
1004
643
692
674
696
1002
737
717
766
859
849
856
652
663
872
719
672
747
982
710
949
740
763
701
847
843
975
999
784
910
910
916
831
897
658
850
865
938
920
1015
940
800
670
901
655
827
746
874
718
909
919
890
764
829
747
818
626
873
920
735
894
931
909
974
935
909
959
825
961
832
633
863
668
697
926
861
684
889
652
1008
615
874
850
662
822
706
761
857
825
931
877
921
843
998
658
934
642
856
728
845
758
701
733
908
791
916
670
731
659
959
995
667
822
857
941
1013
978
818
829
941
814
783
797
909
907
785
982
775
835
814
677
748
1022
919
708
657
877
705
791
641
813
850
782
640
1008
761
975
791
939
765
981
620
998
961
691
750
1018
689
673
996
890
983
1004
851
942
880
725
968
634
740
674
860
757
872
675
642
826
1022
703
704
818
931
728
1009
991
854
891
831
965
681
1000
972
940
825
758
982
675
794
660
638
714
787
883
738
1016
905
966
1006
994
680
838
968
932
885
840
875
777
845
934
937
903
890
867
925
882
693
907
712
949
731
848
844
872
712
998
659
716
942
895
750
629
642
992
870
646
932
740
671
1020
760
936
812
683
977
992
882
823
672
811
876
874
749
1017
896
767
894
626
971
703
681
785
707
907
752
663
796
637
644
622
923
908
954
957
651
830
1022
955
817
676
638
920
809
991
770
904
730
987
939
782
820
622
845
710
719
984
733
887
617
628
869
955
825
761
859
849
633
890
729
833
836
936
718
698
827
759
1000
827
717
745
914
844
972
697
995
918
784
780
896
976
986
779
671
630
971
1007
671
936
862
636
919
789
839
849
884
686
769
1010
645
1006
623
784
710
993
978
815
910
680
795
1004
882
711
867
673
776
660
955
785
695
1014
677
755
639
858
705
857
720
914
842
926
710
696
815
752
944
780
757
636
866
899
752
872
634
977
958
844
671
629
629
731
819
952
888
747
677
1004
636
763
917
859
867
953
1011
712
998
714
897
783
994
872
826
1018
668
1010
942
848
638
772
899
832
841
757
987
729
1012
742
854
849
954
938
858
814
721
910
814
873
752
900
660
909
736
775
685
803
638
709
684
811
1001
957
616
691
977
892
784
1001
956
931
834
916
789
616
791
997
628
657
797
1019
950
890
677
688
923
674
999
944
693
901
694
994
723
870
660
1017
914
744
1019
855
820
935
754
824
953
681
943
646
897
807
788
861
646
623
931
895
800
1008
798
851
730
998
622
714
942
945
1012
890
781
740
1019
757
681
1008
955
1000
1008
870
792
771
749
880
846
830
830
769
733
733
966
927
735
870
631
927
762
959
662
619
968
659
876
869
856
727
639
845
809
829
943
999
1010
778
669
984
766
695
1009
711
843
1022
615
966
880
817
758
615
943
689
809
795
1016
624
754
764
801
729
721
679
686
868
807
663
946
717
890
795
630
888
901
847
812
880
649
869
822
873
943
907
929
633
873
834
903
907
842
946
888
894
660
786
750
735
683
980
998
668
956
625
766
877
770
774
770
644
761
809
782
952
700
931
970
782
651
865
933
990
713
891
881
746
963
727
858
725
759
693
744
797
939
891
999
805
853
851
998
656
642
861
967
713
860
890
940
720
707
850
965
730
1021
943
1022
996
660
735
998
638
992
925
814
757
897
676
946
669
834
1003
999
838
962
993
784
634
649
677
1019
998
904
907
739
1016
999
891
883
681
737
1019
690
878
965
786
760
881
912
697
694
1006
986
653
698
855
818
720
648
670
717
656
839
1012
618
1005
945
692
632
868
648
993
971
897
854
918
680
802
988
801
625
890
931
817
869
620
836
678
743
859
892
940
627
735
1020
708
701
934
692
670
619
840
741
885
615
902
981
955
978
678
756
756
753
683
694
682
953
894
1010
616
662
786
780
1021
838
817
892
883
698
628
910
632
720
807
947
985
625
1007
663
649
773
791
855
1007
752
838
899
810
951
756
639
800
828
685
1010
809
909
755
828
933
730
981
723
662
1011
686
989
763
717
688
645
893
1006
734
950
761
973
977
903
625
894
685
867
966
759
616
848
616
870
810
699
1021
759
643
1011
691
936
721
821
858
664
679
634
909
704
644
861
739
793
714
959
783
1022
923
632
792
861
673
757
918
699
750
959
896
735
825
652
917
628
1004
1002
655
707
949
625
912
989
657
649
807
852
658
720
972
643
885
817
843
987
831
927
921
776
919
746
637
824
620
650
909
891
926
833
802
882
924
903
616
636
836
693
891
991
809
880
647
749
690
969
631
951
722
734
974
782
708
714
745
652
921
867
857
942
935
1023
939
895
895
669
919
882
758
912
627
833
666
920
1017
964
844
747
614
620
797
690
899
796
980
675
682
648
850
892
835
938
851
771
764
684
873
777
905
938
684
729
806
705
714
816
736
713
732
713
855
1022
960
714
907
1006
962
862
821
668
661
827
639
939
720
728
840
739
649
734
855
833
817
858
737
986
670
693
917
621
728
957
884
658
682
716
864
675
676
778
677
968
713
959
774
1006
662
637
807
671
826
944
636
735
1023
964
658
798
1021
991
880
803
998
786
876
826
910
817
749
1002
908
663
819
987
717
905
747
623
728
797
832
1021
682
988
1001
856
858
696
979
1023
707
869
935
774
815
944
838
688
715
974
1008
653
904
673
960
664
866
711
664
860
955
818
1017
1021
918
674
830
916
842
864
882
715
962
692
640
757
632
757
822
737
980
883
732
786
975
896
863
749
945
739
1004
688
843
657
939
956
758
722
771
703
651
1013
914
723
743
908
989
618
878
665
664
883
856
616
708
829
684
1010
774
787
641
1012
806
634
1019
658
646
826
639
770
997
840
879
683
877
868
686
645
694
633
988
790
1015
801
688
961
864
796
684
1005
955
991
929
739
914
733
907
830
847
1010
997
966
987
811
999
985
885
688
953
675
848
729
911
1021
901
969
872
980
708
739
751
916
879
931
807
615
1007
733
818
904
974
671
674
720
759
654
769
794
888
985
906
824
703
1005
750
912
699
941
670
1014
1010
999
821
621
713
790
621
834
968
867
848
751
951
706
632
749
719
671
673
869
962
988
910
1009
737
894
734
615
716
652
801
1021
949
749
929
775
845
751
939
893
631
807
738
665
766
965
810
767
734
821
786
691
1015
832
801
731
703
914
729
896
816
932
648
708
1022
964
945
700
790
776
662
818
750
1014
881
875
859
728
901
797
1018
625
693
794
744
697
809
947
804
787
810
723
1008
891
986
961
914
936
675
677
650
752
932
890
639
927
618
950
937
945
929
921
703
1020
848
643
849
690
777
889
643
654
904
938
915
777
965
910
980
731
651
729
688
729
668
719
657
935
635
862
960
672
866
722
873
854
718
832
986
886
722
902
737
1007
620
804
669
1003
693
695
748
891
816
767
908
814
707
804
922
928
956
656
904
932
829
799
811
738
996
733
688
917
885
748
741
1023
759
888
1014
667
873
839
732
940
798
833
889
782
617
844
667
905
905
769
769
627
828
899
897
886
1018
692
989
789
690
906
759
909
1000
875
851
616
624
995
990
832
751
976
949
695
867
743
914
948
974
725
787
772
838
904
867
932
970
948
1006
1008
708
782
799
697
667
778
862
901
1007
980
798
665
717
913
1004
715
831
718
951
677
797
758
887
763
899
999
692
709
904
640
1007
704
878
718
872
621
721
741
976
636
734
885
847
994
763
829
754
728
841
773
960
776
962
753
986
766
911
1011
714
858
748
851
821
771
629
971
798
658
950
988
656
663
863
961
696
623
731
923
627
908
1009
844
738
757
771
715
724
987
681
908
640
925
618
657
937
668
803
826
966
804
777
936
868
745
937
983
1011
848
744
787
980
830
800
887
624
750
747
618
940
800
964
738
820
955
910
773
1018
757
620
638
721
873
863
866
662
623
616
974
829
1016
721
1021
991
651
667
697
794
675
706
855
874
955
724
878
761
936
881
807
855
892
666
773
893
684
881
812
812
779
886
817
769
862
709
868
977
731
705
697
638
1011
773
872
683
892
749
870
985
757
751
656
1010
969
745
912
834
731
658
634
729
939
902
722
619
712
619
615
700
660
938
839
729
829
810
990
774
962
723
992
938
629
956
947
680
625
666
821
733
788
881
644
655
652
668
871
645
757
710
617
628
870
614
726
902
953
821
823
876
748
949
647
741
686
984
755
628
835
770
884
694
838
953
740
965
697
1021
830
659
978
880
628
733
726
831
978
721
978
957
638
773
931
943
803
797
735
877
1019
690
913
804
766
975
979
680
787
693
653
799
817
705
689
728
754
633
841
616
849
622
887
730
842
798
965
709
958
741
784
684
951
967
899
867
864
907
768
899
969
876
943
733
1021
976
979
790
666
650
635
628
696
735
903
818
687
977
831
716
681
748
935
698
726
640
703
842
657
640
685
849
864
720
965
827
797
623
931
956
959
651
788
873
989
779
640
690
994
1020
740
915
891
712
694
823
757
794
905
697
904
646
965
944
848
1008
944
685
725
632
1011
646
997
700
867
763
794
802
693
804
897
984
777
860
952
897
716
902
643
627
663
891
631
748
890
961
616
740
711
707
704
649
878
875
846
790
652
755
744
1022
1012
651
961
655
819
828
827
802
991
804
806
745
1021
852
910
801
842
918
846
876
858
941
715
960
657
665
797
730
826
793
892
972
829
996
811
880
1015
644
906
998
959
657
944
975
765
771
977
819
646
623
957
753
999
844
1008
949
768
893
642
876
625
796
785
927
836
826
634
758
1018
793
819
641
897
668
848
662
927
998
958
686
621
763
790
937
678
830
735
805
729
936
777
645
806
1005
887
1015
849
978
1000
815
799
987
962
622
913
893
823
975
820
985
686
840
973
918
889
855
897
707
809
644
900
753
777
938
907
720
795
839
689
722
942
867
976
946
726
642
712
755
870
828
669
799
947
737
810
949
802
943
968
799
763
773
716
819
1020
712
848
633
932
725
889
643
982
836
758
981
846
969
813
711
861
816
924
793
807
683
996
784
646
676
1013
760
727
623
621
834
830
866
640
954
985
680
899
857
767
842
685
797
683
704
934
852
715
682
840
1001
1010
678
960
894
900
782
727
925
831
670
788
624
680
671
681
747
980
862
1008
873
931
1006
661
668
644
984
724
914
650
776
688
837
666
640
803
728
844
966
966
962
615
906
720
955
737
791
991
1020
868
882
676
621
904
753
972
798
749
616
760
762
958
655
697
781
772
756
649
708
914
632
982
699
886
1013
820
981
919
805
769
671
969
889
801
655
626
921
663
821
981
868
689
893
678
998
912
930
874
832
753
719
776
841
626
806
666
624
701
999
737
978
848
797
681
1020
806
844
669
659
891
764
905
642
660
667
856
639
989
637
713
870
997
895
826
982
908
704
1002
936
741
712
851
717
870
616
986
874
739
636
988
990
878
616
664
1005
734
666
702
955
823
773
890
715
846
955
815
701
901
775
838
719
787
680
945
693
900
713
869
681
834
665
748
824
950
810
791
810
634
804
992
981
803
763
793
1017
879
623
825
677
701
959
721
895
826
951
704
643
896
683
742
738
777
825
952
864
878
686
845
674
619
697
771
644
943
763
756
980
928
969
854
899
949
628
683
1015
669
726
679
965
871
933
870
934
889
892
698
638
972
636
749
788
973
640
1011
825
658
755
950
1015
874
705
805
760
663
667
888
986
638
894
945
717
920
754
810
952
941
616
868
768
844
799
796
1013
801
756
980
853
644
686
635
839
871
865
955
723
915
884
661
894
844
623
939
638
912
695
778
673
770
862
996
787
962
798
775
752
649
697
674
806
841
826
910
766
903
764
930
951
919
909
1017
1016
772
767
859
797
1002
836
918
775
783
898
791
797
824
739
835
830
759
884
690
836
763
1020
882
972
754
926
972
931
982
744
874
886
1000
712
701
780
919
875
965
728
975
811
911
630
661
660
724
873
1017
863
625
760
1015
997
876
799
615
1005
772
631
994
920
790
882
672
848
685
760
856
742
704
807
741
947
661
917
967
660
886
649
800
668
924
748
767
876
811
779
658
743
902
711
670
885
619
697
741
724
763
667
714
811
929
640
658
879
1000
763
633
718
683
892
652
788
812
983
898
799
970
929
846
666
698
908
960
861
761
616
764
949
915
886
709
631
708
777
722
973
674
823
686
629
799
719
771
743
858
760
935
923
898
985
816
921
826
677
691
977
896
886
915
722
665
800
730
638
633
636
971
996
636
819
841
851
915
949
835
1022
899
785
823
722
765
766
701
665
987
956
980
820
770
679
966
941
670
716
761
941
721
825
980
929
830
825
871
656
928
753
662
620
841
652
657
819
922
711
728
827
906
834
622
922
631
760
959
621
771
791
781
749
786
893
781
1006
652
957
813
769
782
973
679
781
895
707
643
963
934
965
881
954
987
723
748
869
879
908
700
861
982
697
796
928
655
1001
828
792
669
736
1018
642
836
873
772
681
616
686
765
647
958
785
1009
771
982
747
893
726
749
835
904
700
887
625
706
681
771
693
980
776
858
713
663
660
831
630
876
1016
924
857
777
974
961
791
752
714
630
926
641
965
919
1014
1000
664
901
676
720
687
869
969
981
899
748
895
977
788
754
1015
785
862
811
795
982
839
698
780
942
829
965
791
973
814
907
704
620
817
849
985
1018
792
911
847
668
833
708
818
819
689
661
860
924
956
754
755
746
999
666
1007
711
642
1002
644
997
972
745
803
730
769
984
628
1001
883
999
777
948
944
730
879
662
990
963
873
943
737
880
738
794
903
784
1000
908
845
963
928
764
741
643
734
640
936
966
644
692
764
791
855
839
672
944
827
743
992
835
977
1000
957
955
999
825
742
652
750
822
648
770
863
724
657
788
788
659
936
720
880
639
742
864
923
1005
864
725
728
971
840
740
997
882
833
926
913
759
623
644
704
660
621
895
681
1022
828
1020
1006
902
754
838
831
691
861
722
752
844
959
687
621
685
983
780
640
776
966
772
919
629
980
705
843
783
962
822
648
927
908
848
614
941
1012
740
669
874
753
973
940
1002
827
802
872
697
631
918
935
854
734
649
962
673
964
615
1010
989
639
964
887
973
717
776
811
796
781
988
689
661
657
732
994
750
854
942
685
702
729
718
987
644
763
857
712
663
744
702
968
839
936
794
682
869
794
632
717
919
805
653
992
971
669
682
846
842
679
954
658
687
807
933
701
992
648
904
758
942
830
616
666
958
902
1020
845
1010
988
837
676
731
682
764
725
856
916
893
966
743
647
984
948
710
910
792
797
711
716
837
953
920
729
932
931
981
942
1005
851
966
658
854
652
914
834
1005
835
901
1010
649
845
742
765
833
759
941
982
767
975
945
965
758
792
774
973
820
858
728
731
784
998
842
933
925
899
704
1021
999
914
762
774
684
631
1019
668
889
616
717
754
714
980
624
884
695
633
856
1007
775
643
850
752
628
660
937
904
806
742
830
977
825
759
738
694
944
964
951
651
708
953
695
650
635
932
672
695
792
706
880
1003
989
960
818
1022
617
765
699
665
706
757
992
829
991
965
682
758
807
950
781
779
992
1011
833
980
898
977
930
962
617
695
891
774
884
719
732
947
661
767
846
895
816
672
962
617
676
796
645
1014
770
743
641
695
642
836
1008
989
794
800
863
695
663
712
913
764
985
805
720
678
626
956
749
982
770
707
679
863
844
845
742
881
894
977
877
794
931
646
909
951
945
883
727
852
881
972
625
795
854
698
874
830
830
798
1003
1016
981
675
736
938
744
966
972
740
897
839
718
1013
728
807
648
910
723
652
923
702
637
897
1009
831
1020
844
950
639
833
702
802
968
978
695
637
937
925
925
898
800
923
943
876
954
0
0
0
0
0
0
0
0
0
0
0
0
0
0
0
0
0
0
0
0
0
0
0
0
0
0
0
0
0
0
0
0
0
0
0
0
0
0
0
0
0
0
0
0
0
0
0
0
0
0
0
0
0
0
0
0
0
0
0
0
0
0
0
0
0
0
0
0
0
0
0
0
0
0
0
0
0
0
0
0
0
0
0
0
0
0
0
0
0
0
0
0
0
0
0
0
0
0
0
0
0
0
0
0
0
0
0
0
0
0
0
0
0
0
0
0
0
0
0
0
0
0
0
0
0
0
0
0
0
0
0
0
0
0
0
0
0
0
0
0
0
0
0
0
0
0
0
0
0
0
0
0
0
0
0
0
0
0
0
0
0
0
0
0
0
0
0
0
0
0
0
0
0
0
0
0
0
0
0
0
0
0
0
0
0
0
0
0
0
0
0
0
0
0
0
0
0
0
0
0
0
0
0
0
0
0
0
0
0
0
0
0
0
0
0
0
0
0
0
0
0
0
0
0
0
0
0
0
0
0
0
0
0
0
0
0
0
0
0
0
0
0
0
0
0
0
0
0
0
0
0
0
0
0
0
0
0
0
0
0
0
0
0
0
0
0
0
0
0
0
0
0
0
0
0
0
0
0
0
0
0
0
0
0
0
0
0
0
0
0
0
0
0
0
0
0
0
0
0
0
0
0
0
0
0
0
0
0
0
0
0
0
0
0
0
0
0
0
0
0
0
0
0
0
0
0
0
0
0
0
0
0
0
0
0
0
0
0
0
0
0
0
0
0
0
0
0
0
0
0
0
0
0
0
0
0
0
0
0
0
0
0
0
0
0
0
0
0
0
0
0
0
0
0
0
0
0
0
0
0
0
0
0
0
0
0
0
0
0
0
0
0
0
0
0
0
0
0
0
0
0
0
0
0
0
0
0
0
0
0
0
0
0
0
0
0
0
0
0
0
0
0
0
0
0
0
0
0
0
0
0
0
0
0
0
0
0
0
0
0
0
0
0
0
0
0
0
0
0
0
0
0
0
0
0
0
0
0
0
0
0
0
0
0
0
0
0
0
0
0
0
0
0
0
0
0
0
0
0
0
0
0
0
0
0
0
0
0
0
0
0
0
0
0
0
0
0
0
0
0
0
0
0
0
0
0
0
0
0
0
0
0
0
0
0
0
0
0
0
0
0
0
0
0
0
0
0
0
0
0
0
0
0
0
0
0
0
0
0
0
0
0
0
0
0
0
0
0
0
0
0
0
0
0
0
0
0
0
0
0
0
0
0
0
0
0
0
0
0
0
0
0
0
0
0
0
0
0
0
0
0
0
0
0
0
0
0
0
0
0
0
0
0
0
0
0
0
0
0
0
0
0
0
0
0
0
0
0
0
0
0
0
0
0
0
0
0
0
0
0
0
0
0
0
0
0
0
0
0
0
0
0
0
0
0
0
0
0
0
0
0
0
0
0
0
0
0
0
0
0
0
0
0
0
0
0
0
0
0
0
0
0
0
0
0
0
0
0
0
0
0
0
0
0
0
0
0
0
0
0
0
0
0
0
0
0
0
0
0
0
0
0
0
0
0
0
0
0
0
0
0
0
0
0
0
0
0
0
0
0
0
0
0
0
0
0
0
0
0
0
0
0
0
0
0
0
0
0
0
0
0
0
0
0
0
0
0
0
0
0
0
0
0
0
0
0
0
0
0
0
0
0
0
0
0
0
0
0
0
0
0
0
0
0
0
0
0
0
0
0
0
0
0
0
0
0
0
0
0
0
0
0
0
0
0
0
0
0
0
0
0
0
0
0
0
0
0
0
0
0
0
0
0
0
0
0
0
0
0
0
0
0
0
0
0
0
0
0
0
0
0
0
0
0
0
0
0
0
0
0
0
0
0
0
0
0
0
0
0
0
0
0
0
0
0
0
0
0
0
0
0
0
0
0
0
0
0
0
0
0
0
0
0
0
0
0
0
0
0
0
0
0
0
0
0
0
0
0
0
0
0
0
0
0
0
0
0
0
0
0
0
0
0
0
0
0
0
0
0
0
0
0
0
0
0
0
0
0
0
0
0
0
0
0
0
0
0
0
0
0
0
0
0
0
0
0
0
0
0
0
0
0
0
0
0
0
0
0
0
0
0
0
0
0
0
0
0
0
0
0
0
0
0
0
0
0
0
0
0
0
0
0
0
0
0
0
0
0
0
0
0
0
0
0
0
0
0
0
0
0
0
0
0
0
0
0
0
0
0
0
0
0
0
0
0
0
0
0
0
0
0
0
0
0
0
0
0
0
0
0
0
0
0
0
0
0
0
0
0
0
0
0
0
0
0
0
0
0
0
0
0
0
0
0
0
0
0
0
0
0
0
0
0
0
0
0
0
0
0
0
0
0
0
0
0
0
0
0
0
0
0
0
0
0
0
0
0
0
0
0
0
0
0
0
0
0
0
0
0
0
0
0
0
0
0
0
0
0
0
0
0
0
0
0
0
0
0
0
0
0
0
0
0
0
0
0
0
0
0
0
0
0
0
0
0
0
0
0
0
0
0
0
0
0
0
0
0
0
0
0
0
0
0
0
0
0
0
0
0
0
0
0
0
0
0
0
0
0
0
0
0
0
0
0
0
0
0
0
0
0
0
0
0
0
0
0
0
0
0
0
0
0
0
0
0
0
0
0
0
0
0
0
0
0
0
0
0
0
0
0
0
0
0
0
0
0
0
0
0
0
0
0
0
0
0
0
0
0
0
0
0
0
0
0
0
0
0
0
0
0
0
0
0
0
0
0
0
0
0
0
0
0
0
0
0
0
0
0
0
0
0
0
0
0
0
0
0
0
0
0
0
0
0
0
0
0
0
0
0
0
0
0
0
0
0
0
0
0
0
0
0
0
0
0
0
0
0
0
0
0
0
0
0
0
0
0
0
0
0
0
0
0
0
0
0
0
0
0
0
0
0
0
0
0
0
0
0
0
0
0
0
0
0
0
0
0
0
0
0
0
0
0
0
0
0
0
0
0
0
0
0
0
0
0
0
0
0
0
0
0
0
0
0
0
0
0
0
0
0
0
0
0
0
0
0
0
0
0
0
0
0
0
0
0
0
0
0
0
0
0
0
0
0
0
0
0
0
0
0
0
0
0
0
0
0
0
0
0
0
0
0
0
0
0
0
0
0
0
0
0
0
0
0
0
0
0
0
0
0
0
0
0
0
0
0
0
0
0
0
0
0
0
0
0
0
0
0
0
0
0
0
0
0
0
0
0
0
0
0
0
0
0
0
0
0
0
0
0
0
0
0
0
0
0
0
0
0
0
0
0
0
0
0
0
0
0
0
0
0
0
0
0
0
0
0
0
0
0
0
0
0
0
0
0
0
0
0
0
0
0
0
0
0
0
0
0
0
0
0
0
0
0
0
0
0
0
0
0
0
0
0
0
0
0
0
0
0
0
0
0
0
0
0
0
0
0
0
0
0
0
0
0
0
0
0
0
0
0
0
0
0
0
0
0
0
0
0
0
0
0
0
0
0
0
0
0
0
0
0
0
0
0
0
0
0
0
0
0
0
0
0
0
0
0
0
0
0
0
0
0
0
0
0
0
0
0
0
0
0
0
0
0
0
0
0
0
0
0
0
0
0
0
0
0
0
0
0
0
0
0
0
0
0
0
0
0
0
0
0
0
0
0
0
0
0
0
0
0
0
0
0
0
0
0
0
0
0
0
0
0
0
0
0
0
0
0
0
0
0
0
0
0
0
0
0
0
0
0
0
0
0
0
0
0
0
0
0
0
0
0
0
0
0
0
0
0
0
0
0
0
0
0
0
0
0
0
0
0
0
0
0
0
0
0
0
0
0
0
0
0
0
0
0
0
0
0
0
0
0
0
0
0
0
0
0
0
0
0
0
0
0
0
0
0
0
0
0
0
0
0
0
0
0
0
0
0
0
0
0
0
0
0
0
0
0
0
0
0
0
0
0
0
0
0
0
0
0
0
0
0
0
0
0
0
0
0
0
0
0
0
0
0
0
0
0
0
0
0
0
0
0
0
0
0
0
0
0
0
0
0
0
0
0
0
0
0
0
0
0
0
0
0
0
0
0
0
0
0
0
0
0
0
0
0
0
0
0
0
0
0
0
0
0
0
0
0
0
0
0
0
0
0
0
0
0
0
0
0
0
0
0
0
0
0
0
0
0
0
0
0
0
0
0
0
0
0
0
0
0
0
0
0
0
0
0
0
0
0
0
0
0
0
0
0
0
0
0
0
0
0
0
0
0
0
0
0
0
0
0
0
0
0
0
0
0
0
0
0
0
0
0
0
0
0
0
0
0
0
0
0
0
0
0
0
0
0
0
0
0
0
0
0
0
0
0
0
0
0
0
0
0
0
0
0
0
0
0
0
0
0
0
0
0
0
0
0
0
0
0
0
0
0
0
0
0
0
0
0
0
0
0
0
0
0
0
0
0
0
0
0
0
0
0
0
0
0
0
0
0
0
0
0
0
0
0
0
0
0
0
0
0
0
0
0
0
0
0
0
0
0
0
0
0
0
0
0
0
0
0
0
0
0
0
0
0
0
0
0
0
0
0
0
0
0
0
0
0
0
0
0
0
0
0
0
0
0
0
0
0
0
0
0
0
0
0
0
0
0
0
0
0
0
0
0
0
0
0
0
0
0
0
0
0
0
0
0
0
0
0
0
0
0
0
0
0
0
0
0
0
0
0
0
0
0
0
0
0
0
0
0
0
0
0
0
0
0
0
0
0
0
0
0
0
0
0
0
0
0
0
0
0
0
0
0
0
0
0
0
0
0
0
0
0
0
0
0
0
0
0
0
0
0
0
0
0
0
0
0
0
0
0
0
0
0
0
0
0
0
0
0
0
0
0
0
0
0
0
0
0
0
0
0
0
0
0
0
0
0
0
0
0
0
0
0
0
0
0
0
0
0
0
0
0
0
0
0
0
0
0
0
0
0
0
0
0
0
0
0
0
0
0
0
0
0
0
0
0
0
0
0
0
0
0
0
0
0
0
0
0
0
0
0
0
0
0
0
0
0
0
0
0
0
0
0
0
0
0
0
0
0
0
0
0
0
0
0
0
0
0
0
0
0
0
0
0
0
0
0
0
0
0
0
0
0
0
0
0
0
0
0
0
0
0
0
0
0
0
0
0
0
0
0
0
0
0
0
0
0
0
0
0
0
0
0
0
0
0
0
0
0
0
0
0
0
0
0
0
0
0
0
0
0
0
0
0
0
0
0
0
0
0
0
0
0
0
0
0
0
0
0
0
0
0
0
0
0
0
0
0
0
0
0
0
0
0
0
0
0
0
0
0
0
0
0
0
0
0
0
0
0
0
0
0
0
0
0
0
0
0
0
0
0
0
0
0
0
0
0
0
0
0
0
0
0
0
0
0
0
0
0
0
0
0
0
0
0
0
0
0
0
0
0
0
0
0
0
0
0
0
0
0
0
0
0
0
0
0
0
0
0
0
0
0
0
0
0
0
0
0
0
0
0
0
0
0
0
0
0
0
0
0
0
0
0
0
0
0
0
0
0
0
0
0
0
0
0
0
0
0
0
0
0
0
0
0
0
0
0
0
0
0
0
0
0
0
0
0
0
0
0
0
0
0
0
0
0
0
0
0
0
0
0
0
0
0
0
0
0
0
0
0
0
0
0
0
0
0
0
0
0
0
0
0
0
0
0
0
0
0
0
0
0
0
0
0
0
0
0
0
0
0
0
0
0
0
0
0
0
0
0
0
0
0
0
0
0
0
0
0
0
0
0
0
0
0
0
0
0
0
0
0
0
0
0
0
0
0
0
0
0
0
0
0
0
0
0
0
0
0
0
0
0
0
0
0
0
0
0
0
0
0
0
0
0
0
0
0
0
0
0
0
0
0
0
0
0
0
0
0
0
0
0
0
0
0
0
0
0
0
0
0
0
0
0
0
0
0
0
0
0
0
0
0
0
0
0
0
0
0
0
0
0
0
0
0
0
0
0
0
0
0
0
0
0
0
0
0
0
0
0
0
0
0
0
0
0
0
0
0
0
0
0
0
0
0
0
0
0
0
0
0
0
0
0
0
0
0
0
0
0
0
0
0
0
0
0
0
0
0
0
0
0
0
0
0
0
0
0
0
0
0
0
0
0
0
0
0
0
0
0
0
0
0
0
0
0
0
0
0
0
0
0
0
0
0
0
0
0
0
0
0
0
0
0
0
0
0
0
0
0
0
0
0
0
0
0
0
0
0
0
0
0
0
0
0
0
0
0
0
0
0
0
0
0
0
0
0
0
0
0
0
0
0
0
0
0
0
0
0
0
0
0
0
0
0
0
0
0
0
0
0
0
0
0
0
0
0
0
0
0
0
0
0
0
0
0
0
0
0
0
0
0
0
0
0
0
0
0
0
0
0
0
0
0
0
0
0
0
0
0
0
0
0
0
0
0
0
0
0
0
0
0
0
0
0
0
0
0
0
0
0
0
0
0
0
0
0
0
0
0
0
0
0
0
0
0
0
0
0
0
0
0
0
0
0
0
0
0
0
0
0
0
0
0
0
0
0
0
0
0
0
0
0
0
0
0
0
0
0
0
0
0
0
0
0
0
0
0
0
0
0
0
0
0
0
0
0
0
0
0
0
0
0
0
0
0
0
0
0
0
0
0
0
0
0
0
0
0
0
0
0
0
0
0
0
0
0
0
0
0
0
0
0
0
0
0
0
0
0
0
0
0
0
0
0
0
0
0
0
0
0
0
0
0
0
0
0
0
0
0
0
0
0
0
0
0
0
0
0
0
0
0
0
0
0
0
0
0
0
0
0
0
0
0
0
0
0
0
0
0
0
0
0
0
0
0
0
0
0
0
0
0
0
0
0
0
0
0
0
0
0
0
0
0
0
0
0
0
0
0
0
0
0
0
0
0
0
0
0
0
0
0
0
0
0
0
0
0
0
0
0
0
0
0
0
0
0
0
0
0
0
0
0
0
0
0
0
0
0
0
0
0
0
0
0
0
0
0
0
0
0
0
0
0
0
0
0
0
0
0
0
0
0
0
0
0
0
0
0
0
0
0
0
0
0
0
0
0
0
0
0
0
0
0
0
0
0
0
0
0
0
0
0
0
0
0
0
0
0
0
0
0
0
0
0
0
0
0
0
0
0
0
0
0
0
0
0
0
0
0
0
0
0
0
0
0
0
0
0
0
0
0
0
0
0
0
0
0
0
0
0
0
0
0
0
0
0
0
0
0
0
0
0
0
0
0
0
0
0
0
0
0
0
0
0
0
0
0
0
0
0
0
0
0
0
0
0
0
0
0
0
0
0
0
0
0
0
0
0
0
0
0
0
0
0
0
0
0
0
0
0
0
0
0
0
0
0
0
0
0
0
0
0
0
0
0
0
0
0
0
0
0
0
0
0
0
0
0
0
0
0
0
0
0
0
0
0
0
0
0
0
0
0
0
0
0
0
0
0
0
0
0
0
0
0
0
0
0
0
0
0
0
0
0
0
0
0
0
0
0
0
0
0
0
0
0
0
0
0
0
0
0
0
0
0
0
0
0
0
0
0
0
0
0
0
0
0
0
0
0
0
0
0
0
0
0
0
0
0
0
0
0
0
0
0
0
0
0
0
0
0
0
0
0
0
0
0
0
0
0
0
0
0
0
0
0
0
0
0
0
0
0
0
0
0
0
0
0
0
0
0
0
0
0
0
0
0
0
0
0
0
0
0
0
0
0
0
0
0
0
0
0
0
0
0
0
0
0
0
0
0
0
0
0
0
0
0
0
0
0
0
0
0
0
0
0
0
0
0
0
0
0
0
0
0
0
0
0
0
0
0
0
0
0
0
0
0
0
0
0
0
0
0
0
0
0
0
0
0
0
0
0
0
0
0
0
0
0
0
0
0
0
0
0
0
0
0
0
0
0
0
0
0
0
0
0
0
0
0
0
0
0
0
0
0
0
0
0
0
0
0
0
0
0
0
0
0
0
0
0
0
0
0
0
0
0
0
0
0
0
0
0
0
0
0
0
0
0
0
0
0
0
0
0
0
0
0
0
0
0
0
0
0
0
0
0
0
0
0
0
0
0
0
0
0
0
0
0
0
0
0
0
0
0
0
0
0
0
0
0
0
0
0
0
0
0
0
0
0
0
0
0
0
0
0
0
0
0
0
0
0
0
0
0
0
0
0
0
0
0
0
0
0
0
0
0
0
0
0
0
0
0
0
0
0
0
0
0
0
0
0
0
0
0
0
0
0
0
0
0
0
0
0
0
0
0
0
0
0
0
0
0
0
0
0
0
0
0
0
0
0
0
0
0
0
0
0
0
0
0
0
0
0
0
0
0
0
0
0
0
0
0
0
0
0
0
0
0
0
0
0
0
0
0
0
0
0
0
0
0
0
0
0
0
0
0
0
0
0
0
0
0
0
0
0
0
0
0
0
0
0
0
0
0
0
0
0
0
0
0
0
0
0
0
0
0
0
0
0
0
0
0
0
0
0
0
0
0
0
0
0
0
0
0
0
0
0
0
0
0
0
0
0
0
0
0
0
0
0
0
0
0
0
0
0
0
0
0
0
0
0
0
0
0
0
0
0
0
0
0
0
0
0
0
0
0
0
0
0
0
0
0
0
0
0
0
0
0
0
0
0
0
0
0
0
0
0
0
0
0
0
0
0
0
0
0
0
0
0
0
0
0
0
0
0
0
0
0
0
0
0
0
0
0
0
0
0
0
0
0
0
0
0
0
0
0
0
0
0
0
0
0
0
0
0
0
0
0
0
0
0
0
0
0
0
0
0
0
0
0
0
0
0
0
0
0
0
0
0
0
0
0
0
0
0
0
0
0
0
0
0
0
0
0
0
0
0
0
0
0
0
0
0
0
0
0
0
0
0
0
0
0
0
0
0
0
0
0
0
0
0
0
0
0
0
0
0
0
0
0
0
0
0
0
0
0
0
0
0
0
0
0
0
0
0
0
0
0
0
0
0
0
0
0
0
0
0
0
0
0
0
0
0
0
0
0
0
0
0
0
0
0
0
0
0
0
0
0
0
0
0
0
0
0
0
0
0
0
0
0
0
0
0
0
0
0
0
0
0
0
0
0
0
0
0
0
0
0
0
0
0
0
0
0
0
0
0
0
0
0
0
0
0
0
0
0
0
0
0
0
0
0
0
0
0
0
0
0
0
0
0
0
0
0
0
0
0
0
0
0
0
0
0
0
0
0
0
0
0
0
0
0
0
0
0
0
0
0
0
0
0
0
0
0
0
0
0
0
0
0
0
0
0
0
0
0
0
0
0
0
0
0
0
0
0
0
0
0
0
0
0
0
0
0
0
0
0
0
0
0
0
0
0
0
0
0
0
0
0
0
0
0
0
0
0
0
0
0
0
0
0
0
0
0
0
0
0
0
0
0
0
0
0
0
0
0
0
0
0
0
0
0
0
0
0
0
0
0
0
0
0
0
0
0
0
0
0
0
0
0
0
0
