0
0
954
0
1283
696
623
0
0
0
0
0
1633
1906
1417
1310
0
0
0
876
2017
0
1874
1951
0
2015
0
0
0
0
0
0
0
801
1259
0
2047
0
0
0
1841
0
0
0
868
0
4
0
0
947
861
0
531
0
805
0
0
0
0
0
0
0
1135
0
0
1060
0
0
791
665
0
1691
0
0
0
0
1850
983
0
0
0
0
0
0
0
0
0
2047
0
0
0
0
878
0
0
0
0
1979
0
0
0
0
904
0
0
2047
0
0
1364
0
0
1448
0
0
0
0
0
921
921
0
2042
0
0
0
0
0
2035
0
601
0
0
1142
2041
0
0
0
0
321
2032
0
0
2032
0
0
0
0
0
1087
0
0
0
565
0
0
0
1606
0
686
0
0
0
2022
439
0
0
0
0
0
0
0
0
0
0
0
0
0
0
0
0
0
713
0
0
2033
0
0
1312
0
0
0
0
2037
0
0
0
0
385
0
0
0
0
0
0
0
0
0
0
0
0
0
0
856
0
0
0
0
1204
2047
0
1044
0
1039
0
738
0
0
0
0
0
1237
0
0
241
2042
2026
0
0
0
0
0
876
867
1071
0
0
0
0
1071
0
1760
2047
1160
0
0
0
0
933
2010
0
0
0
0
647
889
0
0
644
910
0
0
182
660
0
0
0
0
0
0
0
856
0
0
0
859
0
0
597
0
0
0
717
0
0
0
2016
648
39
0
0
0
753
0
0
0
0
0
1296
0
0
0
1441
0
0
936
0
0
1168
0
669
0
0
0
0
0
0
0
0
720
0
1141
0
0
0
0
1797
0
0
2035
2042
0
0
0
0
0
2047
1987
0
0
314
0
2034
0
678
0
474
0
1839
0
0
0
0
0
0
0
0
0
2039
0
2003
0
1503
0
0
0
0
0
0
0
0
0
0
2047
0
0
0
0
2047
1171
0
0
0
0
884
0
0
0
0
0
0
0
0
0
1831
0
0
0
0
1309
0
0
0
0
2007
0
0
0
0
0
0
2011
2023
0
0
0
1813
0
0
0
0
2047
0
813
0
0
0
0
0
0
1448
0
655
1060
2029
0
0
1298
884
0
2040
0
0
0
595
0
0
0
0
641
0
0
1329
0
0
0
0
0
0
0
2028
0
0
1375
0
0
1772
0
0
0
0
0
964
881
0
0
0
0
0
0
631
0
0
0
0
0
0
0
0
0
0
0
0
0
0
0
831
0
0
976
0
2030
2047
0
0
862
0
893
0
0
0
0
0
0
0
0
1913
1593
1161
0
812
0
0
0
1317
0
1107
0
1091
0
0
0
0
0
0
925
0
0
690
0
0
0
1445
0
1743
0
0
0
0
0
0
0
1995
0
0
0
1526
522
2034
0
0
0
993
0
0
0
0
0
0
0
0
718
655
0
0
2024
2034
817
0
0
1342
0
0
0
1468
24
0
2008
0
0
0
0
0
0
0
0
1969
0
0
0
2031
0
420
0
0
0
0
0
1285
0
0
0
0
276
1101
0
2047
968
0
0
326
0
883
0
0
0
849
0
0
1846
0
0
0
0
0
0
0
0
0
805
621
2040
1635
0
1498
0
0
0
0
0
0
0
1237
0
0
0
0
1993
21
0
0
1812
0
2041
0
1432
0
1851
0
629
0
0
2041
1658
0
0
0
0
0
0
0
0
115
923
0
0
0
0
0
0
2047
1745
207
0
0
0
0
0
1191
0
0
0
0
0
0
0
895
0
0
0
1334
245
0
0
0
0
0
1032
0
0
0
160
0
1957
0
2047
661
697
0
0
0
139
0
0
0
0
0
1231
0
0
0
0
0
0
0
0
1053
0
0
0
0
0
1071
818
760
0
0
0
0
0
0
753
0
0
0
2033
0
0
1366
0
0
0
0
2029
0
2024
0
0
1965
0
0
0
817
0
0
125
0
422
2047
2019
0
0
0
887
2038
0
0
1130
0
1249
2032
0
34
0
0
1976
1684
915
0
0
0
0
0
0
1011
0
1649
833
0
0
0
842
0
0
2040
0
249
0
0
0
0
0
0
0
0
0
1023
867
1684
0
0
1106
0
0
0
1944
0
0
0
1840
0
1997
0
0
0
0
939
0
0
0
0
1170
0
965
0
0
0
1026
0
2047
0
0
567
0
0
0
0
0
0
258
0
0
810
1269
0
0
0
0
1037
0
2047
0
0
0
0
0
0
826
745
0
0
0
0
1488
0
0
808
0
0
264
1490
0
0
0
0
0
0
2009
2
0
0
1313
1305
2024
0
2008
695
1716
0
0
0
0
0
0
2044
0
0
0
2015
0
0
0
0
0
0
0
0
608
0
0
0
0
0
0
0
1927
0
0
0
748
0
0
0
0
0
670
0
0
0
1950
1664
0
1690
0
0
0
0
0
0
0
0
0
17
0
2003
0
0
839
0
2039
0
0
0
1860
0
0
0
2045
0
0
1057
0
0
0
0
0
0
1633
0
0
0
0
0
0
831
0
0
1091
1
0
0
2025
2046
0
0
0
0
867
0
0
0
1578
0
0
0
0
0
0
0
0
0
0
0
709
0
0
0
0
0
0
836
620
0
47
0
0
1964
0
1074
0
0
0
0
0
0
0
0
1868
0
0
0
0
1883
1918
0
0
202
2013
2038
0
0
0
0
0
0
0
0
0
0
0
0
0
0
0
994
0
0
0
0
0
696
0
0
1192
966
0
992
670
1342
2035
0
0
0
1000
0
0
0
881
0
0
699
0
0
0
0
0
631
0
0
0
0
0
0
0
0
0
0
261
0
0
0
0
0
0
0
0
0
0
0
0
0
0
2039
0
0
1975
0
1474
0
0
0
0
0
0
0
0
0
0
0
0
0
0
2030
0
0
0
0
0
0
1993
0
0
0
707
0
0
2019
0
1855
0
626
0
0
0
0
0
1635
0
0
1627
0
0
0
0
0
0
0
556
707
0
862
0
0
432
0
0
0
0
0
863
0
0
280
0
0
0
0
0
0
698
0
0
0
1434
0
0
0
0
0
737
959
0
0
0
0
0
0
0
0
2035
0
0
0
1464
0
0
0
705
0
0
0
0
0
944
819
0
957
900
235
0
0
0
0
0
1708
0
0
873
914
0
0
0
0
0
691
996
858
0
0
2041
0
0
1786
0
0
740
0
2033
1
0
0
0
0
0
0
0
0
0
0
1403
0
0
0
1985
0
0
0
0
0
0
0
0
798
725
0
0
0
0
0
0
768
0
0
803
0
0
0
0
1440
0
1881
0
0
0
0
1542
1043
0
0
0
1435
1227
0
2045
0
0
1022
0
0
0
0
991
950
0
0
0
0
0
1988
0
737
0
0
0
0
2033
0
0
0
0
0
805
2038
715
0
0
0
0
0
0
0
0
976
0
0
1934
2041
0
0
1999
1959
0
1046
0
0
0
0
0
0
906
973
0
23
0
0
0
898
2047
2040
0
0
0
0
0
0
0
0
0
1600
556
0
0
1435
0
0
0
1988
217
0
1128
0
0
0
0
0
0
751
0
0
638
808
0
0
971
0
0
0
0
0
1065
828
0
2026
699
722
0
0
0
0
0
0
0
887
0
0
0
0
0
0
0
0
2047
0
829
1989
0
0
877
0
0
1497
1359
0
0
0
0
0
1217
0
0
0
0
2047
0
561
0
991
0
0
0
0
0
0
0
0
0
0
0
2047
0
0
0
0
694
0
0
0
0
0
2041
0
934
0
1151
0
0
0
0
625
627
0
679
0
0
0
1333
0
1271
0
1968
0
0
860
0
0
0
0
1350
0
0
0
0
0
0
0
231
0
0
0
0
0
23
0
0
0
0
845
722
0
1136
695
0
0
0
188
2039
0
1044
2018
0
2047
0
0
1998
0
0
0
0
2012
2031
0
0
0
1119
944
0
923
0
0
442
0
2044
0
1504
0
988
599
887
2032
0
2043
0
0
893
711
0
0
0
2044
0
0
0
0
0
877
0
0
0
1103
0
0
724
613
0
0
694
0
0
993
0
0
0
0
2006
0
0
0
0
834
123
0
0
0
0
0
0
0
0
0
0
0
0
0
0
384
0
2046
0
0
1532
0
0
0
0
0
0
912
0
0
1106
911
0
17
0
0
1689
0
0
0
0
0
0
0
0
0
0
0
700
543
0
0
1493
0
0
0
1009
0
0
0
758
0
0
1999
0
0
1940
1554
0
0
0
0
2046
0
1384
0
0
0
1018
2047
0
0
0
0
0
942
0
827
0
0
1017
638
0
0
0
0
0
872
2047
1914
0
2042
933
0
1895
1764
2007
0
0
0
0
0
0
0
0
1535
0
1882
1992
2004
601
2043
820
0
0
0
0
0
0
0
971
1018
0
0
2029
0
1379
801
1938
0
864
0
793
0
0
0
1088
0
0
1972
0
0
0
0
0
1106
1677
0
0
1551
2047
0
621
0
1437
0
0
0
0
0
2047
0
0
2047
0
0
2026
0
0
0
0
0
0
0
0
0
0
0
819
0
0
0
334
0
0
0
0
2047
1920
0
0
0
1841
0
470
0
754
325
0
2016
0
0
1260
0
0
0
0
2040
2046
0
0
0
0
2028
0
0
727
0
0
710
0
0
0
0
0
0
0
11
0
0
0
0
0
0
0
1779
619
598
0
0
0
0
0
0
2023
0
0
0
0
2044
0
0
0
0
2047
0
1039
875
1962
0
0
0
0
0
0
0
2034
0
0
0
1131
1967
820
12
0
0
0
0
0
0
928
790
0
0
0
2047
0
0
22
0
0
0
0
147
0
0
907
0
0
0
2000
2026
0
0
1461
0
0
0
960
1341
0
0
0
0
0
246
0
0
0
0
0
0
0
0
0
0
0
0
1665
0
710
993
0
1954
0
0
0
0
996
0
0
0
929
0
1777
0
597
0
1766
0
0
0
0
0
1358
0
0
0
0
423
0
0
0
0
681
2040
0
0
0
0
0
0
1098
0
0
0
0
1425
0
708
745
1152
0
0
2044
928
0
0
0
0
0
0
0
0
1026
0
0
0
0
0
0
0
0
0
0
0
0
0
0
0
0
0
0
0
533
913
0
2041
0
0
0
660
0
726
1339
0
0
794
0
0
0
0
0
10
721
0
1543
0
959
0
0
1117
0
0
0
1969
0
0
0
0
2047
1335
0
0
0
0
0
0
0
0
375
2032
963
0
0
897
298
0
772
0
996
0
0
0
0
653
0
0
2032
2022
0
1699
0
0
0
0
2037
1828
0
0
1593
0
0
791
1354
0
0
0
0
0
1153
0
0
0
0
2037
0
0
1444
416
0
0
0
2047
0
2047
0
0
0
1048
0
12
0
0
0
0
0
1495
0
1264
1984
0
0
578
1691
833
1014
2038
0
0
0
0
0
0
0
0
0
0
0
0
0
0
2023
2047
0
0
0
0
889
0
2043
0
0
0
0
0
0
0
2047
0
0
0
663
0
0
0
0
0
0
0
0
0
0
0
0
937
0
237
0
0
0
0
0
774
0
0
565
0
1106
555
0
0
0
0
0
0
0
1687
914
0
677
0
0
0
0
14
0
0
0
1520
0
0
818
0
0
0
0
0
0
1621
0
1283
0
0
985
0
2036
874
0
0
0
1400
0
0
0
0
0
910
0
0
0
554
0
0
0
946
0
0
0
0
0
0
1289
0
0
0
0
0
0
0
0
0
0
0
579
1174
0
0
0
275
0
0
0
0
0
0
926
0
0
0
0
0
1006
0
0
0
1524
0
0
253
659
0
0
0
1531
0
0
0
0
0
0
711
0
2040
0
1610
0
0
0
0
0
0
1988
0
0
0
0
1659
826
0
0
550
0
0
0
0
0
0
0
2044
0
0
0
0
0
0
0
0
0
0
255
0
0
2022
0
0
0
0
0
0
4
0
0
2036
1167
0
14
0
0
885
0
2039
0
0
0
0
0
854
0
0
0
0
1120
0
1093
0
0
956
0
0
0
0
1968
0
2041
10
0
0
0
1990
1333
0
0
1957
2044
0
0
0
2036
2014
848
1289
0
0
0
0
893
0
1055
1317
0
619
0
0
0
0
0
0
0
2047
0
0
0
0
821
0
854
0
0
1766
0
0
1142
0
0
0
0
0
0
1968
1105
0
0
1114
2047
0
0
853
809
0
0
0
0
0
0
1014
0
0
0
0
0
0
0
1159
0
823
488
724
2041
0
0
0
0
0
865
1299
0
0
0
725
0
0
2038
0
1715
0
0
0
0
0
0
632
0
0
0
0
0
692
0
0
0
0
2036
0
0
0
0
0
2047
0
768
1494
0
0
2047
897
0
0
0
0
0
847
0
1400
0
0
0
0
0
0
0
0
1503
0
0
0
0
0
0
0
294
0
1717
0
0
557
0
789
0
0
1923
0
0
743
0
0
0
0
0
0
0
0
0
0
0
0
1419
0
0
644
0
1303
0
0
638
1446
0
774
769
0
0
0
0
0
0
645
0
0
2028
0
0
0
0
1184
0
0
2005
0
0
780
0
0
0
0
0
0
1295
650
0
0
1256
0
0
831
0
0
789
0
0
0
0
0
1582
928
0
0
1316
548
0
0
0
2014
0
0
1624
0
0
0
752
2041
0
0
0
0
0
0
11
0
0
1848
1106
0
0
791
0
0
2047
0
2047
0
0
317
0
941
0
0
808
0
0
0
439
0
0
2034
0
1280
0
0
0
0
0
1157
580
0
0
0
2047
657
0
0
919
0
1222
0
0
0
880
0
1616
0
0
0
0
1876
0
0
0
0
0
908
0
0
0
0
0
1030
0
0
0
2047
1995
0
2039
0
0
0
0
1567
794
0
0
0
1723
0
706
0
0
0
0
0
0
1814
0
0
561
1237
0
0
815
0
1100
0
0
0
0
0
0
1605
0
0
0
1116
745
0
0
916
0
1187
0
1124
0
5
1999
2030
0
851
754
0
0
0
0
2047
0
1045
0
0
0
634
0
0
0
1776
0
0
0
0
0
2028
0
1299
0
737
1288
0
1996
0
0
1597
0
0
0
1154
0
1593
0
0
0
0
0
0
0
0
0
953
0
0
0
0
1477
1096
0
0
0
0
0
1989
0
0
0
0
1939
0
0
639
0
0
0
0
0
0
0
0
341
0
0
966
0
1214
2047
764
0
341
0
0
0
0
0
658
0
0
0
0
0
0
0
2034
1211
2036
0
0
0
2040
919
0
0
0
739
0
1713
0
0
0
0
0
1030
328
0
1146
0
0
0
0
0
977
1028
0
1328
0
0
0
0
26
2029
2018
0
689
0
0
706
0
0
0
0
0
0
0
740
0
0
0
0
0
1962
0
1590
0
0
0
753
163
0
0
0
1586
0
0
2019
0
0
0
0
1709
871
610
0
0
1779
0
0
918
2000
0
0
1316
2044
302
0
2034
1002
0
825
0
0
0
0
0
0
0
0
0
1240
656
0
0
0
227
0
0
841
896
0
0
2047
0
0
1558
0
0
0
0
1222
0
0
0
0
0
0
0
0
1398
0
749
1949
638
0
0
1797
747
0
0
0
0
0
0
0
0
1735
0
1067
0
0
0
765
0
0
0
0
0
1299
0
0
0
677
1031
0
0
0
0
0
0
0
0
0
0
1855
2015
0
1355
0
0
0
0
0
1454
0
345
0
0
989
0
0
0
0
0
0
0
1577
0
0
964
1160
1114
0
0
1246
0
820
915
0
0
0
0
2031
2042
2026
2030
0
0
0
0
0
0
0
2001
0
0
622
0
0
0
0
0
0
0
0
0
0
1007
425
558
679
0
0
0
0
751
2020
0
0
0
0
0
0
0
0
0
0
0
0
0
0
2027
0
0
1114
0
0
0
0
0
0
798
1005
0
0
0
0
0
0
0
0
0
0
0
196
0
0
2047
314
16
0
0
1979
0
927
2000
0
0
0
0
0
0
0
0
0
0
0
952
0
1478
744
0
894
0
0
481
1737
1321
0
0
0
0
0
749
0
0
0
0
0
892
0
1496
1084
0
2039
0
1041
0
0
0
0
0
783
2047
0
1350
0
0
0
1377
810
2033
0
0
0
0
0
1246
0
0
860
0
0
0
0
1587
748
1962
0
0
0
1161
1946
0
0
0
0
2046
0
0
0
0
0
2008
1408
0
0
0
0
0
2040
699
1449
0
0
0
0
0
0
0
0
0
0
0
0
0
0
0
1364
0
0
964
0
1386
0
2043
0
0
0
999
1137
0
0
0
0
0
2047
1520
0
0
0
0
0
0
0
0
0
899
444
0
2032
0
909
1279
0
1770
1416
0
0
0
0
2005
0
0
1681
2047
2042
0
0
0
0
696
1953
1951
0
0
0
0
2
0
0
533
0
707
0
0
0
1017
50
0
0
0
0
0
574
0
746
0
0
0
0
0
0
0
0
1059
1121
862
0
0
0
0
0
0
0
0
2030
0
0
0
0
0
0
0
0
115
0
681
0
904
0
897
0
653
2046
0
0
0
1190
0
332
2047
182
0
0
0
0
589
0
0
0
860
0
0
0
0
1826
1208
0
805
0
0
532
0
0
0
0
1003
0
0
1948
0
1015
0
0
0
0
0
1938
0
777
738
0
0
0
0
229
0
0
0
0
0
0
1747
0
0
0
0
1567
0
0
0
1609
2010
0
2
0
906
0
0
0
0
2035
0
0
1987
0
1732
0
2029
0
0
1760
1166
0
231
0
0
867
0
0
0
0
932
0
0
1154
0
0
0
0
1174
0
0
0
0
0
1167
696
0
0
717
341
0
0
0
0
0
1765
1320
636
1983
0
889
1149
0
0
0
0
0
0
1417
0
2037
89
0
0
2044
0
0
0
1661
1376
0
2047
595
0
655
0
0
0
0
0
0
1636
7
0
0
862
1672
0
0
591
0
0
0
1484
5
2021
0
0
1681
0
0
2040
0
0
1982
2039
708
0
0
0
0
0
0
0
0
0
1076
0
0
754
0
0
0
0
0
0
0
0
730
312
0
0
0
0
1251
0
0
334
0
0
0
0
0
0
1473
0
0
0
918
0
1157
0
1970
1406
0
0
0
0
2042
0
0
692
0
0
0
0
0
684
0
0
0
1382
0
0
0
2033
0
825
538
918
0
0
0
0
0
0
0
0
0
0
0
698
0
0
0
0
0
0
0
0
1465
0
820
0
0
0
0
0
21
1
1770
2014
0
1125
2019
1132
0
977
0
0
0
0
0
1240
0
0
0
0
0
0
0
0
0
0
0
0
1242
0
0
0
0
0
0
0
0
0
0
0
741
0
0
0
0
0
0
1110
0
0
0
0
0
0
0
0
1470
0
0
0
0
0
0
0
0
0
0
0
0
0
0
0
1720
0
1091
0
0
0
171
0
0
0
1047
0
1541
0
808
2040
1022
0
1509
2033
0
0
0
0
0
0
0
0
752
0
0
1793
0
1271
0
0
0
0
0
0
0
0
0
0
0
2005
0
665
0
0
0
0
0
666
707
0
23
0
0
2023
0
1126
44
0
0
0
0
1188
0
0
0
0
0
0
0
2036
0
2040
1014
0
0
0
1821
0
748
0
0
277
0
0
0
0
0
0
739
0
0
2047
0
0
0
0
1545
0
0
0
0
2041
834
0
1006
0
0
0
0
1458
1702
0
0
0
0
0
0
0
2032
2047
1472
0
2033
830
0
621
1506
0
2039
0
2024
0
0
1625
1485
0
0
0
0
0
0
2025
0
1140
0
1863
0
0
0
0
0
0
413
905
1443
915
0
0
0
2034
0
0
0
0
0
704
0
0
2047
0
0
0
0
0
1375
0
963
903
837
0
0
618
0
0
996
0
0
0
0
0
0
0
0
686
0
0
0
0
670
635
1567
0
955
0
0
0
0
1752
0
1040
0
0
622
0
0
0
1004
0
0
1975
2039
0
0
0
0
0
0
0
992
0
644
0
2047
1113
0
0
0
0
0
0
0
1069
680
0
0
0
0
0
1492
1280
0
0
0
0
0
1260
0
0
0
650
0
0
0
1502
0
0
0
0
0
0
2011
0
0
564
0
0
2047
0
1293
0
749
2043
0
0
0
0
0
0
0
0
0
0
0
2033
0
0
0
0
832
0
0
0
0
463
0
0
0
0
192
2047
0
0
0
0
0
643
0
0
0
0
0
0
0
0
0
713
1343
161
0
0
0
0
0
0
0
0
0
0
0
0
0
0
2028
0
1258
0
0
0
711
0
0
1116
0
0
777
0
12
0
1897
0
0
0
17
0
0
0
0
0
1281
1946
0
0
0
916
0
719
0
0
989
0
1071
0
0
1143
0
0
0
0
0
0
0
1561
1140
0
1480
0
0
0
0
0
0
0
0
0
0
0
0
0
0
0
0
0
879
0
0
0
0
0
0
0
0
0
0
0
0
0
0
0
0
2027
0
0
11
0
0
2006
1973
0
660
845
0
0
839
706
425
0
0
0
0
0
0
0
0
1225
0
0
0
632
0
0
1556
22
11
0
0
1129
0
1787
0
0
0
0
0
0
1362
0
1271
0
0
0
0
2041
612
0
0
0
2047
0
0
0
0
0
2047
0
0
0
1727
0
1780
0
0
0
1063
0
2046
0
657
904
0
0
0
0
0
0
0
1380
373
2032
0
0
0
0
0
0
0
0
0
0
2012
0
0
1645
0
0
107
0
1198
827
0
1554
0
1187
0
0
850
2033
0
0
685
0
0
0
0
0
0
996
0
0
2047
0
0
0
0
839
0
0
0
126
0
0
1451
0
0
0
910
0
595
0
0
0
0
0
0
1445
1109
0
0
0
0
2000
0
0
0
311
0
0
1345
0
769
0
29
0
0
0
0
1860
0
0
0
0
0
307
0
0
632
0
0
0
0
0
0
0
0
0
0
0
0
19
1128
0
1131
0
0
0
1984
1706
0
833
1194
0
0
2004
0
698
855
0
2047
0
938
1205
0
0
0
0
0
0
0
0
723
0
1970
0
0
33
388
1867
0
0
1209
821
1324
0
0
0
12
0
0
0
337
0
0
0
0
0
1884
92
0
2014
0
1728
0
0
0
0
0
0
1198
1660
1524
927
2045
0
1
2028
2032
0
2024
0
1226
0
1113
0
0
0
0
0
857
0
0
859
2
0
1350
0
0
0
1041
0
2027
922
0
0
0
0
0
0
0
0
0
0
0
0
0
0
632
0
0
0
1880
0
733
0
0
0
0
2035
0
1842
0
0
0
0
0
0
0
0
0
0
0
0
335
0
533
0
0
1327
1611
1548
0
2030
0
0
0
0
1166
0
1043
0
0
0
0
0
0
0
2039
0
0
2024
0
0
0
0
0
794
0
0
0
0
0
1307
0
0
0
0
0
623
0
0
0
0
821
2020
813
991
1219
0
1857
0
0
646
0
0
0
1546
668
1064
0
1114
947
0
0
0
0
2036
1531
0
553
0
0
0
0
423
0
0
0
0
194
0
0
0
0
0
0
0
0
0
0
0
813
5
0
0
0
0
0
0
0
0
1852
1997
0
0
1983
0
39
0
1003
0
0
0
0
0
0
0
0
0
1260
0
907
0
1353
0
0
0
0
40
0
0
1009
1184
853
0
0
0
0
0
480
0
0
0
0
0
0
0
0
850
0
851
0
1344
0
0
0
0
1433
0
0
0
0
0
0
0
0
1390
734
0
0
0
0
0
0
141
824
0
796
0
0
843
0
0
0
1775
1042
729
0
0
0
563
0
2032
0
0
0
490
0
0
0
0
1121
0
0
1984
0
0
0
0
0
0
0
2015
0
860
0
0
0
24
1351
0
923
0
0
1162
0
0
0
0
0
0
482
0
0
0
716
0
0
758
0
0
1374
2043
0
506
0
535
0
0
844
0
0
0
0
2034
1557
0
0
1205
0
0
2042
0
0
0
0
0
0
0
0
0
0
0
0
0
1803
2045
0
0
822
657
6
0
0
0
0
0
0
306
1986
0
0
0
0
0
1679
0
1663
0
0
0
0
0
739
0
0
0
1391
0
0
0
0
1945
0
2033
0
0
0
548
0
0
0
0
0
0
543
0
0
727
0
0
0
0
0
2021
2025
0
0
0
0
0
0
1629
0
0
0
0
0
0
0
1182
0
2002
0
0
812
0
0
0
1173
706
1237
0
0
0
0
1667
0
1325
1975
2047
0
0
0
0
0
0
0
0
0
0
0
0
0
1177
0
0
0
0
1637
950
1376
0
945
0
0
0
0
468
445
0
0
0
0
2028
0
0
0
0
0
0
0
708
0
0
0
0
893
0
274
0
411
923
0
0
7
0
2036
0
0
0
1413
2043
0
1732
0
0
0
0
0
0
0
0
0
0
0
542
0
0
679
1522
0
0
0
0
0
0
0
0
0
0
0
1904
0
0
0
0
0
0
0
0
0
0
0
1295
0
0
0
0
782
0
816
0
0
880
0
2047
0
0
0
0
0
972
0
0
836
0
1085
1873
875
0
893
0
10
1422
0
0
0
640
0
0
1614
0
0
0
0
2047
0
0
0
0
0
1471
0
0
872
0
0
771
0
0
0
0
0
0
0
0
0
0
0
0
1095
0
0
0
0
0
1668
0
1730
820
0
1990
0
0
903
0
0
0
0
1407
0
0
0
2018
1020
0
0
855
0
0
1013
0
0
0
0
0
0
1938
589
0
0
0
0
0
0
0
774
0
2032
2042
0
0
1101
0
0
0
0
298
0
0
0
0
0
0
1801
0
1958
1097
0
1795
0
0
0
0
0
0
0
2021
0
0
0
0
0
0
0
0
0
0
0
0
2014
0
0
0
0
0
0
0
0
0
0
0
0
0
0
0
0
0
0
0
433
0
0
0
2016
0
12
0
0
0
0
0
0
0
963
0
0
0
1273
1140
0
1839
0
1304
0
915
0
0
0
2029
0
0
0
2047
0
0
377
1020
0
0
0
787
0
0
0
0
1930
1256
0
0
0
0
0
0
0
1618
0
1993
0
0
0
0
1648
0
1175
0
1012
0
814
0
0
0
0
0
0
669
0
0
0
0
0
741
0
0
0
0
0
2037
0
1639
0
1619
0
0
0
0
0
0
0
1196
0
0
0
1412
0
0
0
0
1097
0
0
0
0
0
0
569
0
0
0
0
0
0
0
2047
0
0
2029
1911
0
0
0
0
0
380
2047
665
0
0
0
0
0
919
0
0
2019
0
0
0
0
0
0
0
874
0
0
1535
0
955
700
0
0
0
0
0
0
0
0
1007
478
0
2041
0
0
0
0
0
0
0
0
0
0
16
1561
0
645
0
0
0
0
0
0
0
0
0
2045
935
0
0
0
0
0
1128
0
1810
660
0
0
207
0
0
0
0
0
1394
1745
0
747
0
0
0
0
0
1191
0
0
0
887
0
0
894
1970
0
900
0
0
0
2028
0
0
1355
984
0
0
0
2039
0
571
0
0
1979
0
679
877
580
0
0
0
766
1007
0
0
0
1597
0
907
0
0
0
759
0
0
2036
0
0
0
0
777
0
0
0
1125
0
0
1147
0
2026
0
0
0
866
1118
2047
0
0
0
0
0
1324
0
370
0
0
0
0
0
0
0
0
0
0
1465
0
318
2043
0
0
1827
1721
0
0
1369
0
0
375
0
0
0
0
0
0
0
1216
1377
0
0
0
632
0
0
0
684
0
0
0
0
0
0
0
0
0
0
848
0
0
2040
0
0
0
2045
1025
2040
2041
0
1709
1845
2027
801
0
2003
0
424
0
681
1501
801
0
0
0
323
0
2015
0
0
0
0
0
2027
961
0
0
777
0
0
2009
721
0
0
1740
0
0
0
2047
0
0
1249
1293
0
0
0
0
1069
0
0
0
0
0
211
770
0
0
0
0
0
223
2040
0
0
1075
0
0
2016
1009
0
0
48
952
0
0
0
0
0
0
0
0
0
272
0
0
0
2042
0
0
0
0
1752
0
1998
0
836
0
0
0
0
0
0
0
0
0
1457
1559
0
0
0
0
0
0
0
0
0
1999
0
0
0
0
0
0
0
0
0
0
0
0
0
0
935
0
1994
0
1973
0
0
0
0
728
0
0
1748
0
604
0
0
0
0
0
0
0
0
0
0
875
0
0
0
2038
0
0
767
1157
0
0
1241
0
2034
0
0
0
0
0
1778
1594
983
0
0
2035
0
0
2045
0
2026
0
0
0
0
1271
0
0
0
2033
940
636
0
0
978
0
0
0
862
0
1549
1180
529
0
233
1923
4
0
0
0
787
814
0
0
0
2047
0
0
0
0
0
0
0
0
0
0
0
0
431
0
0
2036
0
1618
674
2045
522
0
0
0
0
0
0
1625
0
0
0
2044
1650
0
0
0
660
0
0
0
1566
0
0
807
853
0
904
781
0
0
0
0
0
0
0
0
0
0
169
1826
1804
1756
0
883
0
0
0
0
0
0
589
0
0
0
0
1553
0
0
0
0
0
0
0
0
0
0
0
0
0
0
0
0
933
0
0
0
0
0
0
0
116
0
654
806
675
0
1368
2030
640
887
0
2022
0
0
245
1390
0
0
0
0
1852
0
2047
0
671
666
25
0
0
1618
0
593
0
0
2047
1034
0
2023
0
0
1572
0
0
1983
8
0
0
0
0
0
0
0
0
1635
0
0
0
0
0
1129
0
0
393
0
0
1191
0
0
2024
0
0
913
0
0
0
0
0
664
2001
612
0
0
0
671
0
0
0
2044
0
0
0
0
2047
0
0
0
2018
0
367
950
984
0
0
0
0
149
0
748
0
0
0
0
0
0
0
1019
83
0
2002
0
0
0
813
0
0
0
1552
0
0
0
0
701
0
0
0
0
2047
0
0
0
850
394
0
0
1500
1162
0
0
0
0
713
0
0
0
0
0
1178
0
0
0
0
0
940
0
0
999
0
1391
0
0
663
0
0
0
0
0
0
0
0
0
0
0
0
0
2029
0
1023
0
0
0
0
0
0
0
0
868
0
0
0
0
0
0
11
0
1642
0
0
1047
0
0
0
0
0
0
1860
0
0
0
799
0
0
0
0
739
0
0
0
0
0
731
0
7
0
1717
980
0
0
859
0
0
0
0
0
2047
0
0
669
1336
9
0
0
841
622
0
0
0
0
0
0
0
548
0
0
2047
1754
0
0
0
0
0
0
0
0
0
0
499
0
0
0
206
0
0
0
0
0
0
661
0
0
0
1289
0
0
0
1645
0
1000
0
0
0
0
1008
0
0
1428
0
0
679
0
0
2024
0
978
0
0
997
0
0
1047
0
0
0
0
657
0
0
0
652
637
0
2016
1273
0
977
0
0
0
731
0
2047
0
723
1756
0
0
0
897
0
0
1022
0
0
770
980
0
0
0
0
0
1389
1578
0
1207
0
2030
0
1021
1999
0
331
0
0
0
0
744
0
0
1277
0
2027
0
1237
1049
983
0
0
0
0
0
2047
2029
2047
2025
0
886
0
0
2047
1997
0
0
0
0
0
0
0
0
0
0
0
0
0
0
501
0
0
0
0
0
522
0
0
1869
670
0
0
0
5
0
0
0
12
0
0
0
0
0
0
0
1198
0
851
0
1964
0
0
0
0
597
0
1462
0
0
670
0
2042
0
1399
0
814
0
0
0
1893
0
1864
1077
652
0
0
2032
0
0
0
1610
0
0
620
0
0
0
1989
0
0
0
0
0
0
0
0
402
9
0
0
0
0
0
1604
0
0
1432
0
1215
0
0
0
0
0
0
0
0
0
0
0
0
805
0
0
0
0
0
0
2027
0
0
0
0
0
1351
0
0
1791
0
619
0
2041
0
0
0
0
0
723
0
2024
0
2047
0
1169
0
0
1886
1900
0
0
0
0
0
0
0
0
956
0
0
0
638
1008
1176
0
0
0
0
0
0
0
0
1191
0
2009
0
0
0
0
1659
0
2044
0
0
0
221
0
1954
0
0
2006
0
0
1520
1016
0
0
0
318
1478
0
0
0
0
0
461
0
0
0
989
0
0
2047
0
0
0
0
0
0
797
2043
0
0
2047
0
2047
0
0
0
0
0
0
0
1069
1296
0
2047
0
173
0
0
0
0
0
0
0
0
0
4
0
0
946
0
0
0
967
0
0
0
0
0
870
0
0
0
0
0
1022
0
0
0
2045
1995
0
0
0
0
0
1255
0
0
0
875
0
536
0
1057
0
0
0
0
0
1004
0
0
0
0
746
0
0
0
0
0
1259
0
0
0
0
0
0
0
0
0
0
0
0
0
0
0
0
0
0
0
0
0
0
0
534
2045
0
0
0
0
0
1015
1664
0
0
877
0
0
941
807
516
1157
977
0
0
0
0
741
0
0
0
931
624
900
0
0
0
0
0
756
0
0
2047
0
1662
0
0
0
981
2047
190
0
0
0
0
0
0
0
0
1855
1443
0
1512
1723
0
0
0
1949
0
1001
2018
0
2021
0
2047
0
0
1235
1224
0
0
0
0
0
126
1761
0
0
0
0
0
1163
0
2030
122
0
0
0
0
0
2047
641
448
0
0
0
1185
489
575
0
2003
0
0
0
1367
0
0
0
0
0
1250
0
0
0
0
690
0
0
0
915
0
0
0
0
7
0
0
796
0
0
770
0
0
0
0
0
1100
1563
1509
0
1470
0
0
0
0
0
0
1298
0
0
0
247
1175
623
0
771
1158
0
0
0
0
0
0
2047
1076
0
0
0
0
0
26
0
0
1752
0
0
799
0
0
0
0
0
0
2046
0
0
0
1064
0
1013
0
0
849
0
0
0
0
0
0
0
1114
0
793
886
0
2041
698
0
0
2047
0
0
1923
0
0
0
0
339
2038
0
0
868
0
0
0
0
0
300
0
0
0
0
1286
1185
0
858
0
0
1512
0
0
0
0
0
0
0
0
0
0
0
0
0
0
0
2012
861
0
0
0
0
0
1257
2047
0
433
0
1803
963
0
1019
0
783
0
0
0
1232
0
0
0
0
1460
976
1011
0
1971
809
0
0
783
0
0
0
0
0
1605
861
1265
0
0
0
841
0
2024
0
0
0
0
0
0
0
0
0
0
0
1024
0
0
2047
0
0
0
790
1947
1265
0
0
2047
8
2038
0
0
0
0
0
1604
0
0
672
0
1065
2033
0
920
1833
1932
0
0
0
0
0
0
0
0
883
0
931
0
859
0
486
0
2047
0
0
0
840
1671
2002
0
0
0
551
1728
1373
0
1183
0
1408
0
0
0
1278
0
687
955
810
0
0
0
1856
1348
0
12
0
2009
0
0
2024
663
0
0
2045
0
2012
768
0
1273
0
0
0
1602
0
0
0
0
0
0
1548
0
2001
2038
0
0
0
2003
0
0
0
1997
1640
0
0
0
1972
0
0
0
1813
0
0
0
0
1403
0
1167
0
0
0
1285
0
0
0
0
0
0
0
0
0
0
0
0
0
902
916
1997
643
0
0
0
0
0
0
397
2040
0
0
0
2047
189
2042
0
1439
2047
0
0
0
0
1052
0
2047
828
0
0
0
1175
0
0
0
0
0
1050
0
0
0
0
0
129
2047
0
0
0
0
0
0
0
0
913
0
918
0
0
0
529
0
0
1194
0
0
0
0
0
2025
0
485
0
1112
0
0
0
1529
0
2039
0
2028
0
0
0
620
0
0
0
2035
0
0
871
807
21
0
0
0
0
0
0
0
0
0
0
0
0
0
0
841
0
860
1969
0
888
0
6
0
0
0
0
0
0
1242
0
0
965
885
0
0
465
0
0
604
0
0
0
0
0
0
0
502
851
0
0
0
865
0
1358
0
0
0
0
721
0
449
0
0
0
0
0
0
738
0
0
0
0
1252
456
0
0
2039
0
0
0
1842
0
0
0
0
2023
1565
0
0
1610
211
0
0
639
0
0
0
0
636
0
0
1559
1556
2017
0
0
0
0
0
1232
0
0
0
1981
0
132
0
0
1317
1848
0
0
0
969
1226
0
0
845
1014
0
0
0
0
0
1582
655
0
0
0
0
0
2021
0
0
834
1274
0
0
616
0
0
0
833
54
682
1002
0
1696
0
0
932
0
1318
0
0
0
0
0
0
0
859
0
2047
0
273
0
0
0
0
0
0
0
1584
10
0
0
0
0
0
754
0
0
0
0
884
0
684
655
0
0
0
650
253
820
0
2028
1482
1866
0
315
0
0
0
0
0
2031
0
0
0
0
2037
0
0
0
909
0
30
537
0
0
0
0
0
0
0
1945
0
2037
0
0
0
0
0
0
0
1988
0
412
0
0
1007
1571
0
0
0
0
0
1273
0
2027
0
0
915
0
793
0
0
1633
0
0
0
0
0
0
635
0
1567
0
0
0
0
0
0
2038
0
0
0
0
0
0
1094
0
0
0
0
0
1899
2042
1352
1007
0
766
0
2027
0
0
0
710
0
1360
0
0
0
936
999
1760
894
0
0
0
0
0
0
0
1729
761
0
0
0
0
2047
0
0
0
1246
0
0
0
621
0
0
0
0
1980
0
0
0
0
387
0
0
2047
898
0
408
0
227
0
0
0
0
782
0
0
1988
0
0
0
2025
1982
2038
0
1074
0
0
0
0
0
0
0
2021
0
2046
0
999
1529
0
851
0
0
0
0
0
0
0
0
8
0
0
1392
0
1968
0
0
658
0
0
0
1099
0
2017
0
0
0
0
818
0
0
0
856
2035
1865
1971
0
1991
0
0
0
0
0
649
2019
0
798
0
0
1856
1390
0
0
1625
0
0
0
0
0
0
794
0
0
0
27
0
30
920
0
19
0
0
225
0
1949
2041
286
0
0
1890
0
0
0
869
0
11
0
0
934
0
0
0
0
0
2041
0
0
994
0
0
755
0
0
1194
0
0
0
0
0
2007
0
1200
0
0
0
925
0
0
0
2032
2027
0
0
0
0
0
0
0
2045
2022
0
0
1404
0
0
0
0
811
0
0
0
0
664
0
0
0
2040
0
0
2011
0
0
0
0
0
0
0
0
960
769
0
0
0
0
1999
0
1560
0
0
0
0
0
0
0
0
0
604
1372
1968
1293
0
0
746
632
0
340
0
1620
0
0
952
1082
0
1011
0
0
0
0
0
0
0
0
0
0
0
0
0
0
0
0
0
0
0
0
0
0
0
0
789
0
0
1965
0
1862
0
0
0
0
0
0
0
0
0
2047
0
0
0
0
0
579
0
0
0
0
714
0
0
0
2046
0
1108
0
0
0
1219
0
1984
0
0
0
769
0
0
1967
0
0
2006
0
0
1932
0
0
1852
0
0
368
0
675
0
0
0
1296
0
0
1336
587
0
0
0
0
0
0
0
0
708
0
0
0
789
0
0
0
0
0
0
0
0
0
0
0
0
0
0
0
645
0
0
0
444
1928
500
1575
1514
1232
2029
846
0
0
837
10
0
0
1969
0
0
1543
0
0
0
729
0
0
0
0
0
0
602
0
0
0
0
0
1287
0
0
604
2037
0
0
442
0
0
0
0
0
1880
1465
0
0
1409
1462
0
0
0
0
0
0
0
0
0
0
1086
0
0
0
0
0
0
655
0
0
0
0
0
0
0
819
0
0
1223
132
0
1982
0
0
0
0
0
2029
0
0
0
0
0
0
770
0
0
0
0
0
0
0
0
0
0
2028
0
0
0
0
0
1022
0
1002
0
1059
0
0
0
1331
0
0
1474
2027
0
790
2030
650
0
1463
0
0
0
0
0
0
0
0
0
0
715
0
472
0
0
2023
0
0
0
0
2039
0
0
0
0
0
0
0
0
1607
0
829
0
0
0
0
0
976
2024
0
0
1002
0
0
0
716
0
0
0
0
1815
0
0
18
0
0
0
687
0
0
682
0
1740
789
618
1734
817
0
0
0
0
851
0
24
0
0
0
0
0
0
2026
0
0
1068
954
0
0
0
0
0
2032
0
0
